#IID,Apolipoprotein_B_Pos_SUM,CRP_Neg_SUM,Diffusivity_inferior_longitudinal_fasciculus_Neg_SUM,ICVF_Cingulum_CingulateR_SUM,Proinsulin_Neg_SUM,T2stat_PutamenL_Neg_SUM,Total_GRS_SUM
HG00096,0,0,0,0,0,0,26.1484
HG00097,0,0,0,0,0,0,5.71207
HG00099,0,0,0,0,0,0,10.8652
HG00100,0,0,0,1.78141,0,0,25.4615
HG00101,0,0,0,0,0,0,8.00917
HG00102,0,0,0,1.78141,0,0,22.6055
HG00103,0,0,0,0,0,0,13.7212
HG00105,0,0,0,0,0,0,16.318
HG00106,0,0,0,0,0,0,8.00917
HG00107,0,0,0,1.78141,0,0,8.77048
HG00108,0,0,0,1.78141,0,0,14.233
HG00109,0,0,0,1.78141,0,0,19.9353
HG00110,0,0,0,0,0,0,19.174
HG00111,0,0,0,1.78141,0,0,15.6311
HG00112,0,0,0,1.78141,0,0,12.7751
HG00113,0,0,0,3.56282,0,0,27.3714
HG00114,0,0,0,3.56282,0,0,21.5956
HG00115,0,0,0,1.78141,0,0,18.2278
HG00116,0,0,0,0,0,0,2.85604
HG00117,0,0,0,0,0,0,8.00917
HG00118,0,0,0,0,0,0,8.00917
HG00119,0,0,0,1.78141,0,0,12.8349
HG00120,0,0,0,0,0,0,28.7549
HG00121,0,0,0,0,0,0,18.9244
HG00122,0,0,0,3.56282,0,0,24.9908
HG00123,0,0,0,1.78141,0,0,23.6903
HG00125,0,0,0,0,0,0,9.71666
HG00126,0,0,0,1.78141,0,0,21.0936
HG00127,0,0,0,1.78141,0,0,18.4871
HG00128,0,0,0,0,0,0,21.7707
HG00129,0,0,0,1.78141,0,0,29.3926
HG00130,0,0,0,3.56282,0,0,22.4344
HG00131,0,0,0,0,0,0,20.4461
HG00132,0,0,0,1.78141,0,0,15.6311
HG00133,0,0,0,0,0,0,12.0736
HG00136,0,0,0,1.78141,0,0,18.2376
HG00137,0,0,0,1.78141,0,0,25.212
HG00138,0,0,0,1.78141,0,0,12.7751
HG00139,0,0,0,1.78141,0,0,16.2204
HG00140,0,0,0,1.78141,0,0,21.0839
HG00141,0,0,0,0,0,0,10.8652
HG00142,0,0,0,1.78141,0,0,8.77048
HG00143,0,0,0,3.56282,0,0,28.466
HG00145,0,0,0,3.56282,0,0,32.8339
HG00146,0,0,0,0,0,0,13.835
HG00148,0,0,0,0,0,0,14.9199
HG00149,0,0,0,0,0,0,10.8652
HG00150,0,0,0,1.78141,0,0,36.367
HG00151,0,0,0,0,0,0,10.8652
HG00154,0,0,0,0,0,0,33.1325
HG00155,0,0,0,1.78141,0,0,24.0634
HG00157,0,0,0,1.78141,0,0,27.8185
HG00158,0,0,0,1.78141,0,0,14.233
HG00159,0,0,0,0,0,0,6.86062
HG00160,0,0,0,0,0,0,6.86062
HG00171,0,0,0,0,0,0,6.86062
HG00173,0,0,0,0,0,0,25.9086
HG00174,0,0,0,1.78141,0,0,22.5418
HG00176,0,0,0,0,0,0,20.9216
HG00177,0,0,0,0,0,0,18.9244
HG00178,0,0,0,0,0,0,28.7451
HG00179,0,0,0,0,0,0,6.61107
HG00180,0,0,0,1.78141,0,0,15.6311
HG00181,0,0,0,0,0,0,4.00458
HG00182,0,0,0,1.78141,0,0,8.77048
HG00183,0,0,0,0,0,0,27.67
HG00185,0,0,0,1.78141,0,0,25.4615
HG00186,0,0,0,1.78141,0,0,14.233
HG00187,0,0,0,0,0,0,29.5937
HG00188,0,0,0,0,0,0,19.2877
HG00189,0,0,0,0,0,0,32.7393
HG00190,0,0,0,0,0,0,18.9147
HG00231,0,0,0,1.78141,0,0,17.0793
HG00232,0,0,0,0,0,0,21.2849
HG00233,0,0,0,1.78141,0,0,21.4569
HG00234,0,0,0,0,0,0,18.0655
HG00235,0,0,0,0,0,0,4.00458
HG00236,0,0,0,0,0,0,13.7212
HG00237,0,0,0,0,0,0,25.8988
HG00238,0,0,0,1.78141,0,0,19.6858
HG00239,0,0,0,0,0,0,15.459
HG00240,0,0,0,0,0,0,20.7457
HG00242,0,0,0,1.78141,0,0,14.233
HG00243,0,0,0,0,0,0,15.1694
HG00244,0,0,0,0,0,0,9.46711
HG00245,0,0,0,3.56282,0,0,18.9891
HG00246,0,0,0,1.78141,0,0,14.2232
HG00250,0,0,0,1.78141,0,0,13.9835
HG00251,0,0,0,1.78141,0,0,18.2278
HG00252,0,0,0,0,0,0,12.3231
HG00253,0,0,0,0,0,0,9.46711
HG00254,0,0,0,1.78141,0,0,18.6009
HG00255,0,0,0,1.78141,0,0,17.089
HG00256,0,0,0,1.78141,0,0,14.233
HG00257,0,0,0,0,0,0,14.0512
HG00258,0,0,0,0,0,0,9.71666
HG00259,0,0,0,1.78141,0,0,11.6265
HG00260,0,0,0,1.78141,0,0,17.0793
HG00261,0,0,0,0,0,0,13.4717
HG00262,0,0,0,1.78141,0,0,25.6777
HG00263,0,0,0,0,0,0,24.9998
HG00264,0,0,0,0,0,0,9.71666
HG00265,0,0,0,1.78141,0,0,21.0839
HG00266,0,0,0,0,0,0,17.8396
HG00267,0,0,0,0,0,0,16.4415
HG00268,0,0,0,0,0,0,10.6157
HG00269,0,0,0,0,0,0,8.30879
HG00271,0,0,0,0,0,0,10.8652
HG00272,0,0,0,1.78141,0,0,22.6055
HG00273,0,0,0,1.78141,0,0,30.9143
HG00274,0,0,0,0,0,0,9.45733
HG00275,0,0,0,0,0,0,10.8652
HG00276,0,0,0,0,0,0,16.318
HG00277,0,0,0,1.78141,0,0,18.2278
HG00278,0,0,0,0,0,0,26.3743
HG00280,0,0,0,1.78141,0,0,19.6858
HG00281,0,0,0,1.78141,0,0,8.77048
HG00282,0,0,0,0,0,0,9.45733
HG00284,0,0,0,0,0,0,30.7422
HG00285,0,0,0,1.78141,0,0,30.9143
HG00288,0,0,0,1.78141,0,0,18.2278
HG00290,0,0,0,0,0,0,15.1694
HG00304,0,0,0,1.78141,0,0,28.0582
HG00306,0,0,0,1.78141,0,0,7.62194
HG00308,0,0,0,1.78141,0,0,12.7751
HG00309,0,0,0,1.78141,0,0,35.2919
HG00310,0,0,0,1.78141,0,0,15.6311
HG00311,0,0,0,1.78141,0,0,25.4615
HG00313,0,0,0,1.78141,0,0,32.3722
HG00315,0,0,0,0,0,0,18.0558
HG00318,0,0,0,0,0,0,12.3134
HG00319,0,0,0,0,0,0,17.7661
HG00320,0,0,0,0,0,0,13.7212
HG00321,0,0,0,0,0,0,16.318
HG00323,0,0,0,0,0,0,10.6157
HG00324,0,0,0,1.78141,0,0,19.9353
HG00325,0,0,0,0,0,0,15.459
HG00326,0,0,0,0,0,0,11.4545
HG00327,0,0,0,0,0,0,15.459
HG00328,0,0,0,0,0,0,10.8652
HG00329,0,0,0,0,0,0,30.7422
HG00330,0,0,0,0,0,0,10.8652
HG00331,0,0,0,0,0,0,15.459
HG00332,0,0,0,1.78141,0,0,20.8343
HG00334,0,0,0,1.78141,0,0,15.6311
HG00335,0,0,0,1.78141,0,0,19.9353
HG00336,0,0,0,0,0,0,10.8652
HG00337,0,0,0,0,0,0,13.4619
HG00338,0,0,0,0,0,0,20.9216
HG00339,0,0,0,0,0,0,10.6157
HG00341,0,0,0,0,0,0,8.00917
HG00342,0,0,0,1.78141,0,0,23.9399
HG00343,0,0,0,0,0,0,19.2877
HG00344,0,0,0,0,0,0,9.45733
HG00345,0,0,0,1.78141,0,0,12.7751
HG00346,0,0,0,0,0,0,23.5516
HG00349,0,0,0,0,0,0,28.1121
HG00350,0,0,0,1.78141,0,0,32.9114
HG00351,0,0,0,0,0,0,20.9952
HG00353,0,0,0,1.78141,0,0,18.6009
HG00355,0,0,0,1.78141,0,0,12.7751
HG00356,0,0,0,0,0,0,13.4717
HG00357,0,0,0,0,0,0,16.318
HG00358,0,0,0,1.78141,0,0,22.532
HG00360,0,0,0,0,0,0,8.00917
HG00361,0,0,0,1.78141,0,0,23.6903
HG00362,0,0,0,1.78141,0,0,21.0839
HG00364,0,0,0,0,0,0,22.1438
HG00365,0,0,0,3.56282,0,0,33.0834
HG00366,0,0,0,0,0,0,13.4619
HG00367,0,0,0,1.78141,0,0,27.2827
HG00368,0,0,0,0,0,0,6.86062
HG00369,0,0,0,3.56282,0,0,20.9863
HG00371,0,0,0,1.78141,0,0,20.2249
HG00372,0,0,0,0,0,0,21.904
HG00373,0,0,0,0,0,0,16.318
HG00375,0,0,0,0,0,0,14.9199
HG00376,0,0,0,1.78141,0,0,18.6009
HG00378,0,0,0,1.78141,0,0,14.233
HG00379,0,0,0,0,0,0,13.835
HG00380,0,0,0,1.78141,0,0,28.9068
HG00381,0,0,0,1.78141,0,0,23.9399
HG00382,0,0,0,0,0,0,5.46253
HG00383,0,0,0,1.78141,0,0,22.6055
HG00384,0,0,0,3.56282,0,0,20.397
HG00403,0,0,0,0,0,0,13.4619
HG00404,0,0,0,0,0,0,13.4619
HG00405,0,0,0,0,0,0,18.9147
HG00406,0,0,0,0,0,0,18.9244
HG00407,0,0,0,0,0,0,21.7805
HG00408,0,0,0,0,0,0,24.3772
HG00409,0,0,0,0,0,0,16.3277
HG00410,0,0,0,0,0,0,13.4619
HG00418,0,0,0,0,0,0,24.3772
HG00419,0,0,0,0,0,0,10.8652
HG00420,0,0,0,0,0,0,18.9244
HG00421,0,0,0,0,0,0,16.0684
HG00422,0,0,0,0,0,0,19.174
HG00423,0,0,0,0,0,0,13.4717
HG00427,0,0,0,0,0,0,17.5166
HG00428,0,0,0,0,0,0,19.174
HG00429,0,0,0,0,0,0,17.7661
HG00436,0,0,0,0,0,0,21.7707
HG00437,0,0,0,0,0,0,16.318
HG00438,0,0,0,0,0,0,18.9147
HG00442,0,0,0,0,0,0,16.318
HG00443,0,0,0,0,0,0,10.9055
HG00444,0,0,0,0,0,0,12.3134
HG00445,0,0,0,0,0,0,8.05924
HG00446,0,0,0,0,0,0,4.00458
HG00447,0,0,0,0,0,0,6.61107
HG00448,0,0,0,0,0,0,13.4619
HG00449,0,0,0,0,0,0,14.9199
HG00450,0,0,0,0,0,0,21.5212
HG00451,0,0,0,0,0,0,13.4619
HG00452,0,0,0,0,0,0,25.2561
HG00453,0,0,0,0,0,0,18.0558
HG00457,0,0,0,0,0,0,13.4619
HG00458,0,0,0,0,0,0,18.9147
HG00459,0,0,0,0,0,0,13.4619
HG00463,0,0,0,0,0,0,16.0684
HG00464,0,0,0,0,0,0,9.46711
HG00465,0,0,0,0,0,0,9.46711
HG00472,0,0,0,0,0,0,13.2221
HG00473,0,0,0,0,0,0,8.00917
HG00474,0,0,0,0,0,0,10.6157
HG00475,0,0,0,0,0,0,10.8652
HG00476,0,0,0,0,0,0,18.6749
HG00477,0,0,0,0,0,0,18.9244
HG00478,0,0,0,0,0,0,8.00917
HG00479,0,0,0,0,0,0,21.5309
HG00480,0,0,0,0,0,0,18.9244
HG00500,0,0,0,0,0,0,9.71666
HG00501,0,0,0,0,0,0,18.9244
HG00502,0,0,0,0,0,0,13.4717
HG00512,0,0,0,0,0,0,12.3134
HG00513,0,0,0,0,0,0,16.4415
HG00514,0,0,0,0,0,0,8.30879
HG00524,0,0,0,0,0,0,18.9244
HG00525,0,0,0,0,0,0,10.6157
HG00526,0,0,0,0,0,0,13.2221
HG00530,0,0,0,0,0,0,14.9199
HG00531,0,0,0,0,0,0,10.6157
HG00532,0,0,0,0,0,0,13.4717
HG00533,0,0,0,0,0,0,10.6157
HG00534,0,0,0,0,0,0,18.9244
HG00535,0,0,0,0,0,0,13.4619
HG00536,0,0,0,0,0,0,21.7707
HG00537,0,0,0,0,0,0,13.4619
HG00538,0,0,0,0,0,0,13.4619
HG00542,0,0,0,0,0,0,8.00917
HG00543,0,0,0,0,0,0,16.318
HG00544,0,0,0,0,0,0,10.8652
HG00551,0,0,0,1.78141,0,0,4.7659
HG00552,0,0,0,1.78141,0,0,11.6265
HG00553,0,0,0,1.78141,0,0,14.2232
HG00554,0,0,0,1.78141,0,0,14.233
HG00555,0,0,0,3.56282,0,0,17.8406
HG00556,0,0,0,0,0,0,12.0638
HG00557,0,0,0,0,0,0,20.9118
HG00558,0,0,0,0,0,0,6.61107
HG00559,0,0,0,0,0,0,6.86062
HG00560,0,0,0,0,0,0,8.00917
HG00561,0,0,0,0,0,0,8.00917
HG00565,0,0,0,0,0,0,16.0684
HG00566,0,0,0,0,0,0,9.45733
HG00567,0,0,0,0,0,0,18.9147
HG00577,0,0,0,0,0,0,13.7212
HG00578,0,0,0,0,0,0,18.0558
HG00579,0,0,0,0,0,0,10.8652
HG00580,0,0,0,0,0,0,19.174
HG00581,0,0,0,0,0,0,20.9118
HG00582,0,0,0,0,0,0,23.7678
HG00583,0,0,0,0,0,0,16.318
HG00584,0,0,0,0,0,0,26.1484
HG00585,0,0,0,0,0,0,34.4571
HG00589,0,0,0,0,0,0,10.8652
HG00590,0,0,0,0,0,0,21.5212
HG00591,0,0,0,0,0,0,16.318
HG00592,0,0,0,0,0,0,21.7805
HG00593,0,0,0,0,0,0,6.86062
HG00594,0,0,0,0,0,0,12.3231
HG00595,0,0,0,0,0,0,13.7212
HG00596,0,0,0,0,0,0,8.00917
HG00597,0,0,0,0,0,0,10.8652
HG00598,0,0,0,0,0,0,16.0782
HG00599,0,0,0,0,0,0,18.9244
HG00607,0,0,0,0,0,0,10.8652
HG00608,0,0,0,0,0,0,10.6157
HG00609,0,0,0,0,0,0,10.6157
HG00610,0,0,0,0,0,0,12.3134
HG00611,0,0,0,0,0,0,16.0684
HG00612,0,0,0,0,0,0,8.00917
HG00613,0,0,0,0,0,0,12.603
HG00614,0,0,0,0,0,0,14.9101
HG00615,0,0,0,0,0,0,9.45733
HG00619,0,0,0,0,0,0,10.8652
HG00620,0,0,0,0,0,0,10.8652
HG00621,0,0,0,0,0,0,8.00917
HG00622,0,0,0,0,0,0,20.6956
HG00623,0,0,0,0,0,0,8.05924
HG00625,0,0,0,0,0,0,5.45275
HG00626,0,0,0,0,0,0,13.4717
HG00627,0,0,0,0,0,0,6.61107
HG00628,0,0,0,0,0,0,13.4619
HG00629,0,0,0,0,0,0,14.9199
HG00630,0,0,0,0,0,0,16.0684
HG00631,0,0,0,0,0,0,16.318
HG00632,0,0,0,0,0,0,8.00917
HG00634,0,0,0,0,0,0,21.5212
HG00635,0,0,0,0,0,0,12.603
HG00636,0,0,0,0,0,0,16.0684
HG00637,0,0,0,1.78141,0,0,21.0839
HG00638,0,0,0,1.78141,0,0,25.4615
HG00639,0,0,0,0,0,0,20.6956
HG00640,0,0,0,0,0,0,8.00917
HG00641,0,0,0,0,0,0,22.36
HG00642,0,0,0,0,0,0,9.45733
HG00650,0,0,0,0,0,0,13.4619
HG00651,0,0,0,0,0,0,10.8652
HG00652,0,0,0,0,0,0,13.4619
HG00653,0,0,0,0,0,0,21.5309
HG00654,0,0,0,0,0,0,8.00917
HG00655,0,0,0,0,0,0,10.6157
HG00656,0,0,0,0,0,0,12.3134
HG00657,0,0,0,0,0,0,13.4717
HG00658,0,0,0,0,0,0,13.4717
HG00662,0,0,0,0,0,0,6.86062
HG00663,0,0,0,0,0,0,16.0684
HG00664,0,0,0,0,0,0,14.9199
HG00671,0,0,0,0,0,0,13.4619
HG00672,0,0,0,0,0,0,18.9147
HG00673,0,0,0,0,0,0,18.9147
HG00674,0,0,0,0,0,0,23.3021
HG00675,0,0,0,0,0,0,13.4619
HG00683,0,0,0,0,0,0,16.318
HG00684,0,0,0,0,0,0,16.0684
HG00685,0,0,0,0,0,0,24.3772
HG00689,0,0,0,0,0,0,13.4619
HG00690,0,0,0,0,0,0,16.3277
HG00691,0,0,0,0,0,0,13.4717
HG00692,0,0,0,0,0,0,9.46711
HG00693,0,0,0,0,0,0,13.4619
HG00694,0,0,0,0,0,0,16.0684
HG00698,0,0,0,0,0,0,10.6157
HG00699,0,0,0,0,0,0,14.9199
HG00700,0,0,0,0,0,0,13.2221
HG00701,0,0,0,0,0,0,5.71207
HG00702,0,0,0,0,0,0,17.7759
HG00703,0,0,0,0,0,0,5.71207
HG00704,0,0,0,0,0,0,8.00917
HG00705,0,0,0,0,0,0,10.8652
HG00706,0,0,0,0,0,0,8.00917
HG00707,0,0,0,0,0,0,12.3134
HG00708,0,0,0,0,0,0,13.4619
HG00709,0,0,0,0,0,0,17.7661
HG00717,0,0,0,0,0,0,20.6623
HG00728,0,0,0,0,0,0,19.174
HG00729,0,0,0,0,0,0,8.00917
HG00731,0,0,0,1.78141,0,0,18.2278
HG00732,0,0,0,3.56282,0,0,40.8834
HG00733,0,0,0,3.56282,0,0,31.053
HG00734,0,0,0,0,0,0,16.318
HG00735,0,0,0,0,0,0,26.1484
HG00736,0,0,0,1.78141,0,0,32.6521
HG00737,0,0,0,3.56282,0,0,27.2979
HG00738,0,0,0,3.56282,0,0,21.8452
HG00739,0,0,0,0,0,0,24.7405
HG00740,0,0,0,1.78141,0,0,11.6265
HG00741,0,0,0,0,0,0,26.1484
HG00742,0,0,0,0,0,0,18.9147
HG00743,0,0,0,1.78141,0,0,28.2842
HG00759,0,0,0,0,0,0,10.6157
HG00766,0,0,0,0,0,0,25.8988
HG00844,0,0,0,0,0,0,21.5212
HG00851,0,0,0,0,0,0,8.00917
HG00864,0,0,0,0,0,0,33.0991
HG00867,0,0,0,0,0,0,21.7805
HG00879,0,0,0,0,0,0,13.4619
HG00881,0,0,0,0,0,0,10.6157
HG00956,0,0,0,0,0,0,13.4717
HG00978,0,0,0,0,0,0,8.00917
HG00982,0,0,0,0,0,0,13.4619
HG01028,0,0,0,0,0,0,16.0684
HG01029,0,0,0,0,0,0,16.318
HG01031,0,0,0,0,0,0,16.318
HG01046,0,0,0,0,0,0,13.4619
HG01047,0,0,0,1.78141,0,0,35.2919
HG01048,0,0,0,0,0,0,13.4619
HG01049,0,0,0,0,0,0,21.8942
HG01050,0,0,0,0,0,0,9.45733
HG01051,0,0,0,0,0,0,16.318
HG01052,0,0,0,0,0,0,10.8652
HG01053,0,0,0,0,0,0,16.318
HG01054,0,0,0,1.78141,0,0,12.7751
HG01055,0,0,0,1.78141,0,0,8.77048
HG01056,0,0,0,3.56282,0,0,13.5364
HG01058,0,0,0,0,0,0,13.4717
HG01060,0,0,0,3.56282,0,0,23.583
HG01061,0,0,0,0,0,0,24.7503
HG01062,0,0,0,1.78141,0,0,14.233
HG01063,0,0,0,0,0,0,13.4619
HG01064,0,0,0,1.78141,0,0,11.6265
HG01066,0,0,0,0,0,0,18.0655
HG01067,0,0,0,0,0,0,13.7212
HG01068,0,0,0,0,0,0,20.9216
HG01069,0,0,0,0,0,0,25.5056
HG01070,0,0,0,0,0,0,28.7451
HG01071,0,0,0,0,0,0,23.5085
HG01072,0,0,0,3.56282,0,0,13.5364
HG01073,0,0,0,0,0,0,21.5212
HG01074,0,0,0,1.78141,0,0,20.8343
HG01075,0,0,0,0,0,0,9.71666
HG01077,0,0,0,0,0,0,22.1438
HG01079,0,0,0,0,0,0,10.8652
HG01080,0,0,0,3.56282,0,0,23.0035
HG01081,0,0,0,1.78141,0,0,18.4871
HG01082,0,0,0,0,0,0,9.45733
HG01083,0,0,0,0,0,0,17.8396
HG01084,0,0,0,0,0,0,19.2877
HG01085,0,0,0,0,0,0,10.8652
HG01086,0,0,0,0,0,0,11.4545
HG01087,0,0,0,0,0,0,8.59843
HG01088,0,0,0,0,0,0,6.86062
HG01089,0,0,0,1.78141,0,0,18.4871
HG01092,0,0,0,0,0,0,10.6157
HG01094,0,0,0,1.78141,0,0,11.6265
HG01095,0,0,0,0,0,0,18.9244
HG01096,0,0,0,1.78141,0,0,15.6311
HG01097,0,0,0,0,0,0,13.4717
HG01098,0,0,0,0,0,0,0
HG01099,0,0,0,0,0,0,4.00458
HG01100,0,0,0,0,0,0,20.6956
HG01101,0,0,0,0,0,0,13.7212
HG01102,0,0,0,1.78141,0,0,21.0839
HG01103,0,0,0,1.78141,0,0,23.9399
HG01104,0,0,0,0,0,0,17.816
HG01105,0,0,0,0,0,0,15.459
HG01106,0,0,0,0,0,0,19.8033
HG01107,0,0,0,0,0,0,17.7661
HG01108,0,0,0,1.78141,0,0,15.6311
HG01109,0,0,0,0,0,0,12.3134
HG01110,0,0,0,0,0,0,16.4415
HG01111,0,0,0,0,0,0,22.9791
HG01112,0,0,0,0,0,0,13.4717
HG01113,0,0,0,0,0,0,6.86062
HG01114,0,0,0,0,0,0,9.46711
HG01119,0,0,0,0,0,0,26.1484
HG01121,0,0,0,0,0,0,16.6577
HG01122,0,0,0,1.78141,0,0,21.0839
HG01124,0,0,0,0,0,0,13.7713
HG01125,0,0,0,1.78141,0,0,21.4569
HG01126,0,0,0,1.78141,0,0,15.9307
HG01130,0,0,0,0,0,0,8.00917
HG01131,0,0,0,1.78141,0,0,8.77048
HG01133,0,0,0,0,0,0,13.7212
HG01134,0,0,0,1.78141,0,0,11.6265
HG01135,0,0,0,0,0,0,13.7212
HG01136,0,0,0,1.78141,0,0,18.2278
HG01137,0,0,0,0,0,0,8.00917
HG01138,0,0,0,0,0,0,13.4619
HG01139,0,0,0,0,0,0,2.85604
HG01140,0,0,0,0,0,0,0
HG01141,0,0,0,0,0,0,2.85604
HG01142,0,0,0,0,0,0,13.7212
HG01148,0,0,0,0,0,0,6.86062
HG01149,0,0,0,0,0,0,29.0044
HG01150,0,0,0,0,0,0,6.86062
HG01161,0,0,0,0,0,0,19.2877
HG01162,0,0,0,0,0,0,6.86062
HG01164,0,0,0,1.78141,0,0,12.7751
HG01167,0,0,0,0,0,0,17.8396
HG01168,0,0,0,0,0,0,13.4619
HG01169,0,0,0,0,0,0,13.4619
HG01170,0,0,0,0,0,0,10.8652
HG01171,0,0,0,1.78141,0,0,25.4615
HG01172,0,0,0,0,0,0,10.8652
HG01173,0,0,0,1.78141,0,0,12.7751
HG01174,0,0,0,0,0,0,18.9244
HG01175,0,0,0,0,0,0,18.9244
HG01176,0,0,0,0,0,0,26.1484
HG01177,0,0,0,0,0,0,16.0782
HG01178,0,0,0,0,0,0,18.9244
HG01182,0,0,0,1.78141,0,0,22.6055
HG01183,0,0,0,1.78141,0,0,23.9399
HG01184,0,0,0,0,0,0,20.6956
HG01187,0,0,0,3.56282,0,0,20.1475
HG01188,0,0,0,0,0,0,12.3134
HG01189,0,0,0,1.78141,0,0,15.3816
HG01190,0,0,0,1.78141,0,0,12.7751
HG01191,0,0,0,1.78141,0,0,22.6055
HG01192,0,0,0,3.56282,0,0,17.541
HG01197,0,0,0,0,0,0,9.45733
HG01198,0,0,0,0,0,0,2.85604
HG01199,0,0,0,0,0,0,12.3134
HG01200,0,0,0,0,0,0,12.0638
HG01204,0,0,0,1.78141,0,0,12.7751
HG01205,0,0,0,0,0,0,4.00458
HG01206,0,0,0,0,0,0,8.00917
HG01241,0,0,0,0,0,0,8.59843
HG01242,0,0,0,0,0,0,10.8652
HG01243,0,0,0,0,0,0,11.4545
HG01247,0,0,0,0,0,0,20.6956
HG01248,0,0,0,0,0,0,15.459
HG01249,0,0,0,0,0,0,14.6703
HG01250,0,0,0,1.78141,0,0,18.6009
HG01251,0,0,0,0,0,0,10.8652
HG01252,0,0,0,1.78141,0,0,22.6055
HG01253,0,0,0,1.78141,0,0,21.0839
HG01254,0,0,0,1.78141,0,0,14.233
HG01255,0,0,0,1.78141,0,0,14.4826
HG01256,0,0,0,1.78141,0,0,21.4569
HG01257,0,0,0,0,0,0,13.4717
HG01258,0,0,0,1.78141,0,0,21.4569
HG01259,0,0,0,0,0,0,10.8652
HG01260,0,0,0,0,0,0,10.8652
HG01261,0,0,0,0,0,0,10.8652
HG01269,0,0,0,0,0,0,28.7549
HG01271,0,0,0,1.78141,0,0,22.8217
HG01272,0,0,0,0,0,0,9.45733
HG01273,0,0,0,1.78141,0,0,14.2232
HG01274,0,0,0,0,0,0,13.4717
HG01275,0,0,0,0,0,0,10.8652
HG01276,0,0,0,0,0,0,16.3277
HG01277,0,0,0,1.78141,0,0,16.2204
HG01278,0,0,0,1.78141,0,0,16.2204
HG01279,0,0,0,1.78141,0,0,19.0764
HG01280,0,0,0,1.78141,0,0,18.2278
HG01281,0,0,0,0,0,0,8.59843
HG01284,0,0,0,0,0,0,20.6956
HG01286,0,0,0,0,0,0,29.3441
HG01302,0,0,0,1.78141,0,0,15.6311
HG01303,0,0,0,0,0,0,10.8652
HG01305,0,0,0,0,0,0,8.00917
HG01308,0,0,0,0,0,0,14.9199
HG01311,0,0,0,0,0,0,20.4461
HG01312,0,0,0,1.78141,0,0,15.6311
HG01323,0,0,0,1.78141,0,0,18.4871
HG01325,0,0,0,1.78141,0,0,21.0936
HG01326,0,0,0,0,0,0,26.1484
HG01334,0,0,0,1.78141,0,0,39.223
HG01341,0,0,0,0,0,0,6.86062
HG01342,0,0,0,0,0,0,0
HG01343,0,0,0,0,0,0,0
HG01344,0,0,0,1.78141,0,0,8.77048
HG01345,0,0,0,1.78141,0,0,8.77048
HG01346,0,0,0,1.78141,0,0,4.7659
HG01347,0,0,0,0,0,0,13.7212
HG01348,0,0,0,1.78141,0,0,7.62194
HG01349,0,0,0,1.78141,0,0,11.6265
HG01350,0,0,0,0,0,0,18.0558
HG01351,0,0,0,0,0,0,5.45275
HG01352,0,0,0,0,0,0,14.9101
HG01353,0,0,0,0,0,0,18.0558
HG01354,0,0,0,0,0,0,16.318
HG01355,0,0,0,0,0,0,13.4619
HG01356,0,0,0,1.78141,0,0,15.6311
HG01357,0,0,0,0,0,0,6.86062
HG01358,0,0,0,0,0,0,8.00917
HG01359,0,0,0,0,0,0,9.71666
HG01360,0,0,0,0,0,0,12.3134
HG01361,0,0,0,0,0,0,2.85604
HG01362,0,0,0,0,0,0,6.86062
HG01363,0,0,0,0,0,0,8.59843
HG01365,0,0,0,0,0,0,10.8652
HG01366,0,0,0,0,0,0,13.7212
HG01367,0,0,0,0,0,0,10.8652
HG01369,0,0,0,1.78141,0,0,14.5963
HG01372,0,0,0,0,0,0,8.00917
HG01374,0,0,0,1.78141,0,0,18.2278
HG01375,0,0,0,0,0,0,6.86062
HG01376,0,0,0,1.78141,0,0,11.6265
HG01377,0,0,0,0,0,0,6.86062
HG01378,0,0,0,0,0,0,16.318
HG01379,0,0,0,0,0,0,8.00917
HG01383,0,0,0,1.78141,0,0,19.0764
HG01384,0,0,0,1.78141,0,0,12.7751
HG01385,0,0,0,3.56282,0,0,16.3924
HG01389,0,0,0,0,0,0,19.174
HG01390,0,0,0,0,0,0,6.86062
HG01391,0,0,0,0,0,0,10.8652
HG01392,0,0,0,1.78141,0,0,19.9353
HG01393,0,0,0,1.78141,0,0,15.3816
HG01395,0,0,0,1.78141,0,0,7.62194
HG01396,0,0,0,0,0,0,8.00917
HG01398,0,0,0,1.78141,0,0,20.2249
HG01402,0,0,0,0,0,0,26.5214
HG01403,0,0,0,0,0,0,8.00917
HG01405,0,0,0,0,0,0,10.8652
HG01412,0,0,0,0,0,0,9.46711
HG01413,0,0,0,0,0,0,20.9952
HG01414,0,0,0,3.56282,0,0,30.2274
HG01431,0,0,0,0,0,0,9.71666
HG01432,0,0,0,0,0,0,6.61107
HG01433,0,0,0,0,0,0,5.46253
HG01435,0,0,0,0,0,0,9.45733
HG01437,0,0,0,1.78141,0,0,8.77048
HG01438,0,0,0,0,0,0,13.4619
HG01439,0,0,0,0,0,0,13.4619
HG01440,0,0,0,0,0,0,8.00917
HG01441,0,0,0,1.78141,0,0,13.0747
HG01443,0,0,0,0,0,0,10.8652
HG01444,0,0,0,0,0,0,0
HG01447,0,0,0,1.78141,0,0,11.6265
HG01455,0,0,0,0,0,0,12.3134
HG01456,0,0,0,1.78141,0,0,11.6265
HG01457,0,0,0,1.78141,0,0,11.6265
HG01459,0,0,0,0,0,0,4.00458
HG01461,0,0,0,0,0,0,16.3277
HG01462,0,0,0,0,0,0,5.46253
HG01463,0,0,0,0,0,0,12.3231
HG01464,0,0,0,0,0,0,5.46253
HG01465,0,0,0,1.78141,0,0,32.5884
HG01466,0,0,0,0,0,0,14.9199
HG01468,0,0,0,1.78141,0,0,22.8217
HG01474,0,0,0,1.78141,0,0,15.6311
HG01479,0,0,0,0,0,0,16.318
HG01485,0,0,0,0,0,0,6.86062
HG01486,0,0,0,0,0,0,23.3424
HG01488,0,0,0,0,0,0,16.0684
HG01489,0,0,0,0,0,0,9.45733
HG01490,0,0,0,0,0,0,17.5166
HG01491,0,0,0,0,0,0,6.86062
HG01492,0,0,0,0,0,0,2.60649
HG01493,0,0,0,0,0,0,0
HG01494,0,0,0,0,0,0,5.45275
HG01495,0,0,0,0,0,0,6.61107
HG01496,0,0,0,0,0,0,2.60649
HG01497,0,0,0,0,0,0,16.318
HG01498,0,0,0,0,0,0,17.7661
HG01499,0,0,0,0,0,0,14.9101
HG01500,0,0,0,3.56282,0,0,20.397
HG01501,0,0,0,0,0,0,17.8396
HG01502,0,0,0,1.78141,0,0,25.4615
HG01503,0,0,0,1.78141,0,0,12.7751
HG01504,0,0,0,0,0,0,14.9199
HG01505,0,0,0,1.78141,0,0,23.6903
HG01506,0,0,0,0,0,0,6.86062
HG01507,0,0,0,0,0,0,28.7549
HG01508,0,0,0,0,0,0,19.2975
HG01509,0,0,0,0,0,0,5.46253
HG01510,0,0,0,0,0,0,4.00458
HG01511,0,0,0,0,0,0,9.46711
HG01512,0,0,0,0,0,0,21.7707
HG01513,0,0,0,0,0,0,4.00458
HG01514,0,0,0,0,0,0,12.3134
HG01515,0,0,0,0,0,0,18.9244
HG01516,0,0,0,0,0,0,13.4717
HG01517,0,0,0,0,0,0,16.318
HG01518,0,0,0,1.78141,0,0,20.2249
HG01519,0,0,0,1.78141,0,0,24.2698
HG01520,0,0,0,0,0,0,18.0558
HG01521,0,0,0,0,0,0,8.00917
HG01522,0,0,0,0,0,0,13.4717
HG01523,0,0,0,0,0,0,10.6157
HG01524,0,0,0,1.78141,0,0,26.5464
HG01525,0,0,0,0,0,0,16.318
HG01526,0,0,0,1.78141,0,0,29.3926
HG01527,0,0,0,0,0,0,10.8652
HG01528,0,0,0,1.78141,0,0,27.9946
HG01529,0,0,0,0,0,0,12.3134
HG01530,0,0,0,0,0,0,9.71666
HG01531,0,0,0,1.78141,0,0,21.0839
HG01532,0,0,0,0,0,0,13.7212
HG01536,0,0,0,1.78141,0,0,23.9399
HG01537,0,0,0,1.78141,0,0,30.924
HG01538,0,0,0,1.78141,0,0,36.3768
HG01550,0,0,0,0,0,0,9.46711
HG01551,0,0,0,0,0,0,13.4619
HG01552,0,0,0,0,0,0,9.46711
HG01556,0,0,0,0,0,0,13.835
HG01565,0,0,0,0,0,0,4.00458
HG01566,0,0,0,1.78141,0,0,40.7447
HG01567,0,0,0,1.78141,0,0,24.0536
HG01571,0,0,0,0,0,0,8.05924
HG01572,0,0,0,0,0,0,5.45275
HG01573,0,0,0,0,0,0,13.512
HG01577,0,0,0,0,0,0,26.1484
HG01578,0,0,0,0,0,0,15.1694
HG01579,0,0,0,0,0,0,24.9998
HG01583,0,0,0,0,0,0,10.8652
HG01586,0,0,0,0,0,0,10.6157
HG01589,0,0,0,0,0,0,15.459
HG01593,0,0,0,0,0,0,0
HG01595,0,0,0,0,0,0,21.7707
HG01596,0,0,0,0,0,0,12.3134
HG01597,0,0,0,0,0,0,20.4461
HG01598,0,0,0,0,0,0,21.7707
HG01599,0,0,0,0,0,0,18.9244
HG01600,0,0,0,0,0,0,10.6157
HG01601,0,0,0,1.78141,0,0,13.0747
HG01602,0,0,0,3.56282,0,0,24.4419
HG01603,0,0,0,0,0,0,2.85604
HG01604,0,0,0,1.78141,0,0,15.6311
HG01605,0,0,0,3.56282,0,0,20.1475
HG01606,0,0,0,1.78141,0,0,18.4871
HG01607,0,0,0,0,0,0,23.2923
HG01608,0,0,0,0,0,0,12.3134
HG01609,0,0,0,0,0,0,17.7661
HG01610,0,0,0,1.78141,0,0,25.212
HG01611,0,0,0,0,0,0,28.7549
HG01612,0,0,0,0,0,0,35.0464
HG01613,0,0,0,0,0,0,19.174
HG01614,0,0,0,1.78141,0,0,28.3175
HG01615,0,0,0,3.56282,0,0,33.0834
HG01616,0,0,0,1.78141,0,0,31.7496
HG01617,0,0,0,0,0,0,17.7759
HG01618,0,0,0,1.78141,0,0,19.4362
HG01619,0,0,0,0,0,0,16.3277
HG01620,0,0,0,1.78141,0,0,15.6311
HG01621,0,0,0,0,0,0,13.4717
HG01622,0,0,0,0,0,0,18.9244
HG01623,0,0,0,0,0,0,9.46711
HG01624,0,0,0,0,0,0,28.7549
HG01625,0,0,0,0,0,0,2.60649
HG01626,0,0,0,1.78141,0,0,18.2376
HG01627,0,0,0,1.78141,0,0,16.8395
HG01628,0,0,0,3.56282,0,0,13.5364
HG01629,0,0,0,3.56282,0,0,28.4562
HG01630,0,0,0,1.78141,0,0,36.593
HG01631,0,0,0,1.78141,0,0,12.7751
HG01632,0,0,0,0,0,0,13.4717
HG01633,0,0,0,1.78141,0,0,8.77048
HG01667,0,0,0,0,0,0,10.8652
HG01668,0,0,0,0,0,0,6.86062
HG01669,0,0,0,1.78141,0,0,15.6311
HG01670,0,0,0,0,0,0,9.21756
HG01671,0,0,0,0,0,0,13.4717
HG01672,0,0,0,0,0,0,9.71666
HG01673,0,0,0,0,0,0,23.0526
HG01674,0,0,0,0,0,0,16.0684
HG01675,0,0,0,0,0,0,13.4619
HG01676,0,0,0,0,0,0,18.9244
HG01677,0,0,0,0,0,0,18.9244
HG01678,0,0,0,0,0,0,16.0684
HG01679,0,0,0,3.56282,0,0,16.3924
HG01680,0,0,0,0,0,0,26.1484
HG01681,0,0,0,1.78141,0,0,26.9097
HG01682,0,0,0,1.78141,0,0,18.4871
HG01683,0,0,0,3.56282,0,0,33.0834
HG01684,0,0,0,1.78141,0,0,35.2919
HG01685,0,0,0,0,0,0,13.4619
HG01686,0,0,0,0,0,0,15.1694
HG01687,0,0,0,0,0,0,6.86062
HG01694,0,0,0,1.78141,0,0,30.9143
HG01695,0,0,0,0,0,0,13.4717
HG01696,0,0,0,0,0,0,10.6157
HG01697,0,0,0,0,0,0,28.7549
HG01698,0,0,0,0,0,0,23.2923
HG01699,0,0,0,0,0,0,14.061
HG01700,0,0,0,1.78141,0,0,33.7703
HG01701,0,0,0,3.56282,0,0,38.5362
HG01702,0,0,0,1.78141,0,0,18.2376
HG01703,0,0,0,0,0,0,16.691
HG01704,0,0,0,0,0,0,34.5807
HG01705,0,0,0,0,0,0,13.7212
HG01706,0,0,0,0,0,0,20.6222
HG01707,0,0,0,0,0,0,17.7661
HG01708,0,0,0,0,0,0,16.318
HG01709,0,0,0,0,0,0,20.6956
HG01710,0,0,0,1.78141,0,0,14.233
HG01711,0,0,0,1.78141,0,0,15.6311
HG01746,0,0,0,1.78141,0,0,15.6311
HG01747,0,0,0,0,0,0,17.8396
HG01748,0,0,0,0,0,0,10.8652
HG01755,0,0,0,0,0,0,26.1484
HG01756,0,0,0,0,0,0,18.9147
HG01757,0,0,0,0,0,0,26.1581
HG01761,0,0,0,0,0,0,6.61107
HG01762,0,0,0,1.78141,0,0,17.089
HG01763,0,0,0,0,0,0,12.0736
HG01765,0,0,0,1.78141,0,0,21.0839
HG01766,0,0,0,1.78141,0,0,23.081
HG01767,0,0,0,0,0,0,13.4717
HG01768,0,0,0,3.56282,0,0,28.4562
HG01770,0,0,0,1.78141,0,0,21.6829
HG01771,0,0,0,0,0,0,6.86062
HG01772,0,0,0,1.78141,0,0,21.6829
HG01773,0,0,0,1.78141,0,0,18.8269
HG01774,0,0,0,1.78141,0,0,21.4333
HG01775,0,0,0,0,0,0,15.2095
HG01776,0,0,0,0,0,0,19.174
HG01777,0,0,0,0,0,0,13.7212
HG01778,0,0,0,0,0,0,13.7212
HG01779,0,0,0,0,0,0,12.3134
HG01780,0,0,0,0,0,0,11.2049
HG01781,0,0,0,1.78141,0,0,24.0301
HG01782,0,0,0,1.78141,0,0,14.233
HG01783,0,0,0,1.78141,0,0,11.377
HG01784,0,0,0,1.78141,0,0,30.924
HG01785,0,0,0,0,0,0,24.9998
HG01786,0,0,0,0,0,0,23.5516
HG01789,0,0,0,3.56282,0,0,22.9937
HG01790,0,0,0,0,0,0,9.45733
HG01791,0,0,0,1.78141,0,0,23.9399
HG01794,0,0,0,1.78141,0,0,18.2278
HG01795,0,0,0,0,0,0,13.4619
HG01796,0,0,0,0,0,0,4.00458
HG01797,0,0,0,0,0,0,10.6157
HG01798,0,0,0,0,0,0,16.0782
HG01799,0,0,0,0,0,0,10.6157
HG01800,0,0,0,0,0,0,17.5166
HG01801,0,0,0,0,0,0,13.4619
HG01802,0,0,0,0,0,0,10.6157
HG01804,0,0,0,0,0,0,6.61107
HG01805,0,0,0,0,0,0,16.318
HG01806,0,0,0,0,0,0,26.1484
HG01807,0,0,0,0,0,0,13.4619
HG01808,0,0,0,0,0,0,23.2923
HG01809,0,0,0,0,0,0,13.4619
HG01810,0,0,0,0,0,0,16.318
HG01811,0,0,0,0,0,0,19.174
HG01812,0,0,0,0,0,0,9.21756
HG01813,0,0,0,0,0,0,15.2095
HG01815,0,0,0,0,0,0,4.00458
HG01816,0,0,0,0,0,0,10.6157
HG01817,0,0,0,0,0,0,13.4619
HG01840,0,0,0,0,0,0,16.0684
HG01841,0,0,0,0,0,0,10.6157
HG01842,0,0,0,0,0,0,16.0684
HG01843,0,0,0,1.78141,0,0,20.8343
HG01844,0,0,0,0,0,0,4.00458
HG01845,0,0,0,0,0,0,8.00917
HG01846,0,0,0,0,0,0,21.5212
HG01847,0,0,0,0,0,0,10.8652
HG01848,0,0,0,0,0,0,13.4619
HG01849,0,0,0,0,0,0,13.7212
HG01850,0,0,0,0,0,0,13.4619
HG01851,0,0,0,0,0,0,15.459
HG01852,0,0,0,0,0,0,25.8988
HG01853,0,0,0,0,0,0,10.8652
HG01855,0,0,0,0,0,0,5.45275
HG01857,0,0,0,0,0,0,13.4717
HG01858,0,0,0,0,0,0,16.691
HG01859,0,0,0,0,0,0,21.5212
HG01860,0,0,0,0,0,0,13.4619
HG01861,0,0,0,0,0,0,16.0684
HG01862,0,0,0,0,0,0,13.4619
HG01863,0,0,0,0,0,0,12.0638
HG01864,0,0,0,0,0,0,4.00458
HG01865,0,0,0,0,0,0,9.46711
HG01866,0,0,0,0,0,0,21.5212
HG01867,0,0,0,0,0,0,28.7549
HG01868,0,0,0,0,0,0,10.8652
HG01869,0,0,0,0,0,0,20.6956
HG01870,0,0,0,0,0,0,8.00917
HG01871,0,0,0,0,0,0,23.3021
HG01872,0,0,0,0,0,0,14.9101
HG01873,0,0,0,0,0,0,9.45733
HG01874,0,0,0,0,0,0,8.00917
HG01878,0,0,0,0,0,0,18.6749
HG01879,0,0,0,0,0,0,8.00917
HG01880,0,0,0,1.78141,0,0,8.77048
HG01881,0,0,0,1.78141,0,0,12.7751
HG01882,0,0,0,0,0,0,8.00917
HG01883,0,0,0,0,0,0,10.6157
HG01884,0,0,0,0,0,0,13.4619
HG01885,0,0,0,0,0,0,16.0684
HG01886,0,0,0,0,0,0,9.45733
HG01887,0,0,0,0,0,0,13.4619
HG01888,0,0,0,0,0,0,8.00917
HG01889,0,0,0,0,0,0,8.00917
HG01890,0,0,0,0,0,0,12.603
HG01891,0,0,0,0,0,0,8.00917
HG01892,0,0,0,0,0,0,13.4619
HG01893,0,0,0,0,0,0,5.46253
HG01894,0,0,0,0,0,0,8.00917
HG01895,0,0,0,0,0,0,8.00917
HG01896,0,0,0,0,0,0,8.00917
HG01897,0,0,0,0,0,0,4.00458
HG01898,0,0,0,0,0,0,9.46711
HG01912,0,0,0,0,0,0,4.00458
HG01914,0,0,0,0,0,0,8.00917
HG01915,0,0,0,0,0,0,10.8652
HG01916,0,0,0,0,0,0,8.00917
HG01917,0,0,0,0,0,0,13.4619
HG01918,0,0,0,0,0,0,10.8652
HG01919,0,0,0,0,0,0,13.4619
HG01920,0,0,0,0,0,0,18.9147
HG01921,0,0,0,0,0,0,16.4415
HG01922,0,0,0,0,0,0,13.4619
HG01923,0,0,0,0,0,0,9.45733
HG01924,0,0,0,1.78141,0,0,23.6903
HG01925,0,0,0,1.78141,0,0,18.2278
HG01926,0,0,0,0,0,0,5.45275
HG01927,0,0,0,0,0,0,12.0638
HG01928,0,0,0,0,0,0,8.05924
HG01932,0,0,0,0,0,0,8.05924
HG01933,0,0,0,0,0,0,8.00917
HG01934,0,0,0,0,0,0,9.45733
HG01935,0,0,0,0,0,0,21.5212
HG01936,0,0,0,0,0,0,8.00917
HG01937,0,0,0,0,0,0,13.4619
HG01938,0,0,0,0,0,0,9.45733
HG01939,0,0,0,0,0,0,12.3134
HG01940,0,0,0,0,0,0,2.85604
HG01941,0,0,0,0,0,0,9.45733
HG01942,0,0,0,1.78141,0,0,10.2187
HG01943,0,0,0,0,0,0,5.45275
HG01944,0,0,0,0,0,0,8.00917
HG01945,0,0,0,0,0,0,8.00917
HG01946,0,0,0,0,0,0,8.00917
HG01947,0,0,0,0,0,0,13.4717
HG01948,0,0,0,0,0,0,12.603
HG01949,0,0,0,0,0,0,15.2095
HG01950,0,0,0,0,0,0,10.9055
HG01951,0,0,0,0,0,0,12.0736
HG01952,0,0,0,0,0,0,10.9153
HG01953,0,0,0,0,0,0,10.6157
HG01954,0,0,0,0,0,0,21.7707
HG01955,0,0,0,0,0,0,13.4619
HG01956,0,0,0,0,0,0,8.00917
HG01958,0,0,0,0,0,0,13.4717
HG01959,0,0,0,0,0,0,16.0782
HG01960,0,0,0,0,0,0,8.00917
HG01961,0,0,0,0,0,0,12.0638
HG01965,0,0,0,1.78141,0,0,7.62194
HG01967,0,0,0,0,0,0,4.00458
HG01968,0,0,0,0,0,0,4.00458
HG01969,0,0,0,0,0,0,8.00917
HG01970,0,0,0,0,0,0,18.9147
HG01971,0,0,0,0,0,0,12.3134
HG01972,0,0,0,0,0,0,13.4619
HG01973,0,0,0,0,0,0,14.9101
HG01974,0,0,0,0,0,0,9.45733
HG01975,0,0,0,0,0,0,14.9101
HG01976,0,0,0,0,0,0,9.45733
HG01977,0,0,0,0,0,0,13.4619
HG01978,0,0,0,0,0,0,8.00917
HG01979,0,0,0,0,0,0,8.00917
HG01980,0,0,0,0,0,0,8.00917
HG01981,0,0,0,0,0,0,8.00917
HG01982,0,0,0,0,0,0,4.00458
HG01983,0,0,0,0,0,0,9.45733
HG01984,0,0,0,0,0,0,0
HG01985,0,0,0,0,0,0,12.0638
HG01986,0,0,0,0,0,0,10.6157
HG01987,0,0,0,1.78141,0,0,12.7751
HG01988,0,0,0,0,0,0,8.00917
HG01989,0,0,0,0,0,0,10.8652
HG01990,0,0,0,0,0,0,8.00917
HG01991,0,0,0,0,0,0,0
HG01992,0,0,0,0,0,0,6.86062
HG01993,0,0,0,0,0,0,2.85604
HG01997,0,0,0,0,0,0,9.45733
HG01998,0,0,0,0,0,0,5.45275
HG02002,0,0,0,0,0,0,9.45733
HG02003,0,0,0,0,0,0,28.7549
HG02004,0,0,0,0,0,0,24.7503
HG02006,0,0,0,0,0,0,0
HG02008,0,0,0,0,0,0,5.45275
HG02009,0,0,0,0,0,0,6.61107
HG02010,0,0,0,0,0,0,10.6157
HG02011,0,0,0,0,0,0,8.00917
HG02012,0,0,0,1.78141,0,0,11.6265
HG02013,0,0,0,0,0,0,4.00458
HG02014,0,0,0,0,0,0,4.00458
HG02015,0,0,0,0,0,0,13.4717
HG02016,0,0,0,0,0,0,10.8652
HG02017,0,0,0,0,0,0,10.6157
HG02018,0,0,0,0,0,0,11.2049
HG02019,0,0,0,0,0,0,6.61107
HG02020,0,0,0,0,0,0,20.0529
HG02023,0,0,0,0,0,0,16.318
HG02024,0,0,0,0,0,0,16.0782
HG02025,0,0,0,0,0,0,16.0684
HG02026,0,0,0,0,0,0,13.4717
HG02027,0,0,0,0,0,0,21.7707
HG02028,0,0,0,0,0,0,21.7707
HG02029,0,0,0,0,0,0,19.174
HG02030,0,0,0,0,0,0,4.00458
HG02031,0,0,0,0,0,0,8.00917
HG02032,0,0,0,0,0,0,6.61107
HG02035,0,0,0,0,0,0,27.8862
HG02040,0,0,0,0,0,0,8.00917
HG02047,0,0,0,0,0,0,34.2076
HG02048,0,0,0,0,0,0,4.00458
HG02049,0,0,0,0,0,0,13.4717
HG02050,0,0,0,0,0,0,13.4619
HG02051,0,0,0,0,0,0,10.6157
HG02052,0,0,0,0,0,0,8.00917
HG02053,0,0,0,0,0,0,13.4717
HG02054,0,0,0,0,0,0,8.00917
HG02055,0,0,0,0,0,0,10.8652
HG02056,0,0,0,0,0,0,4.00458
HG02057,0,0,0,0,0,0,5.45275
HG02058,0,0,0,0,0,0,16.318
HG02059,0,0,0,0,0,0,18.6749
HG02060,0,0,0,0,0,0,18.9244
HG02061,0,0,0,0,0,0,13.4717
HG02064,0,0,0,0,0,0,4.00458
HG02067,0,0,0,0,0,0,12.3134
HG02068,0,0,0,0,0,0,13.4619
HG02069,0,0,0,0,0,0,18.9147
HG02070,0,0,0,0,0,0,8.00917
HG02071,0,0,0,0,0,0,18.9244
HG02072,0,0,0,0,0,0,13.4619
HG02073,0,0,0,0,0,0,18.9244
HG02074,0,0,0,0,0,0,15.2095
HG02075,0,0,0,0,0,0,18.9244
HG02076,0,0,0,0,0,0,12.603
HG02077,0,0,0,0,0,0,11.4545
HG02078,0,0,0,0,0,0,14.0512
HG02079,0,0,0,1.78141,0,0,21.0839
HG02080,0,0,0,0,0,0,12.603
HG02081,0,0,0,0,0,0,8.00917
HG02082,0,0,0,0,0,0,20.6623
HG02083,0,0,0,0,0,0,23.5183
HG02084,0,0,0,0,0,0,13.4619
HG02085,0,0,0,0,0,0,23.5183
HG02086,0,0,0,0,0,0,8.00917
HG02087,0,0,0,0,0,0,9.45733
HG02088,0,0,0,0,0,0,16.318
HG02089,0,0,0,1.78141,0,0,26.2968
HG02090,0,0,0,0,0,0,13.4619
HG02091,0,0,0,1.78141,0,0,29.1431
HG02095,0,0,0,0,0,0,13.4717
HG02102,0,0,0,0,0,0,8.00917
HG02104,0,0,0,1.78141,0,0,8.77048
HG02105,0,0,0,0,0,0,5.45275
HG02106,0,0,0,0,0,0,5.45275
HG02107,0,0,0,0,0,0,8.00917
HG02108,0,0,0,0,0,0,8.00917
HG02111,0,0,0,0,0,0,8.00917
HG02113,0,0,0,1.78141,0,0,11.6265
HG02116,0,0,0,0,0,0,13.4619
HG02120,0,0,0,0,0,0,13.7212
HG02121,0,0,0,0,0,0,10.8652
HG02122,0,0,0,0,0,0,10.8652
HG02126,0,0,0,0,0,0,4.00458
HG02127,0,0,0,0,0,0,12.603
HG02128,0,0,0,0,0,0,4.59384
HG02129,0,0,0,0,0,0,9.45733
HG02130,0,0,0,0,0,0,13.4619
HG02131,0,0,0,0,0,0,9.45733
HG02132,0,0,0,0,0,0,18.6749
HG02133,0,0,0,0,0,0,16.0684
HG02134,0,0,0,0,0,0,13.2221
HG02135,0,0,0,0,0,0,8.00917
HG02136,0,0,0,0,0,0,10.8652
HG02137,0,0,0,0,0,0,10.8652
HG02138,0,0,0,0,0,0,12.0638
HG02139,0,0,0,0,0,0,10.6157
HG02140,0,0,0,0,0,0,8.00917
HG02141,0,0,0,0,0,0,18.9244
HG02142,0,0,0,0,0,0,5.46253
HG02143,0,0,0,0,0,0,4.00458
HG02144,0,0,0,0,0,0,4.00458
HG02145,0,0,0,0,0,0,0
HG02146,0,0,0,1.78141,0,0,15.6714
HG02147,0,0,0,0,0,0,17.5166
HG02148,0,0,0,1.78141,0,0,22.2825
HG02150,0,0,0,0,0,0,13.4619
HG02151,0,0,0,0,0,0,20.9118
HG02152,0,0,0,0,0,0,18.9244
HG02153,0,0,0,0,0,0,8.05924
HG02154,0,0,0,0,0,0,10.8652
HG02155,0,0,0,0,0,0,23.2923
HG02156,0,0,0,0,0,0,13.4619
HG02164,0,0,0,0,0,0,16.318
HG02165,0,0,0,0,0,0,16.318
HG02166,0,0,0,0,0,0,6.61107
HG02178,0,0,0,0,0,0,10.6157
HG02179,0,0,0,0,0,0,13.4619
HG02180,0,0,0,0,0,0,28.5053
HG02181,0,0,0,0,0,0,21.5212
HG02182,0,0,0,0,0,0,18.0558
HG02184,0,0,0,1.78141,0,0,22.5418
HG02185,0,0,0,0,0,0,16.318
HG02186,0,0,0,0,0,0,13.835
HG02187,0,0,0,0,0,0,13.4717
HG02188,0,0,0,0,0,0,18.9147
HG02190,0,0,0,0,0,0,24.6267
HG02215,0,0,0,1.78141,0,0,14.2232
HG02219,0,0,0,3.56282,0,0,23.0035
HG02220,0,0,0,1.78141,0,0,22.5819
HG02221,0,0,0,1.78141,0,0,24.313
HG02222,0,0,0,0,0,0,14.061
HG02223,0,0,0,0,0,0,4.00458
HG02224,0,0,0,1.78141,0,0,28.0582
HG02225,0,0,0,1.78141,0,0,14.2232
HG02229,0,0,0,0,0,0,15.459
HG02230,0,0,0,1.78141,0,0,17.3689
HG02231,0,0,0,0,0,0,12.3134
HG02232,0,0,0,1.78141,0,0,23.6903
HG02233,0,0,0,0,0,0,9.46711
HG02234,0,0,0,0,0,0,13.7212
HG02235,0,0,0,0,0,0,20.4461
HG02236,0,0,0,0,0,0,13.835
HG02237,0,0,0,0,0,0,17.8396
HG02238,0,0,0,1.78141,0,0,10.2284
HG02239,0,0,0,1.78141,0,0,12.7751
HG02240,0,0,0,3.56282,0,0,16.3924
HG02250,0,0,0,0,0,0,16.318
HG02252,0,0,0,0,0,0,18.9244
HG02253,0,0,0,0,0,0,21.2849
HG02255,0,0,0,0,0,0,4.00458
HG02256,0,0,0,0,0,0,10.8652
HG02257,0,0,0,0,0,0,10.8652
HG02258,0,0,0,0,0,0,13.4717
HG02259,0,0,0,0,0,0,5.45275
HG02260,0,0,0,0,0,0,14.9101
HG02261,0,0,0,0,0,0,10.9055
HG02262,0,0,0,0,0,0,9.45733
HG02265,0,0,0,0,0,0,4.00458
HG02266,0,0,0,0,0,0,10.8652
HG02271,0,0,0,0,0,0,2.85604
HG02272,0,0,0,0,0,0,10.6157
HG02273,0,0,0,0,0,0,6.86062
HG02274,0,0,0,0,0,0,16.318
HG02275,0,0,0,1.78141,0,0,18.2779
HG02277,0,0,0,0,0,0,12.3134
HG02278,0,0,0,0,0,0,4.00458
HG02279,0,0,0,0,0,0,8.30879
HG02280,0,0,0,0,0,0,10.6157
HG02281,0,0,0,0,0,0,8.00917
HG02282,0,0,0,0,0,0,0
HG02283,0,0,0,0,0,0,10.8652
HG02284,0,0,0,0,0,0,8.00917
HG02285,0,0,0,0,0,0,6.86062
HG02286,0,0,0,0,0,0,10.8652
HG02287,0,0,0,0,0,0,6.86062
HG02291,0,0,0,0,0,0,9.45733
HG02292,0,0,0,0,0,0,19.2877
HG02293,0,0,0,0,0,0,19.2877
HG02298,0,0,0,0,0,0,8.00917
HG02299,0,0,0,0,0,0,0
HG02300,0,0,0,0,0,0,4.00458
HG02301,0,0,0,0,0,0,13.4619
HG02302,0,0,0,0,0,0,8.00917
HG02303,0,0,0,0,0,0,13.4619
HG02304,0,0,0,0,0,0,9.45733
HG02307,0,0,0,0,0,0,10.8652
HG02308,0,0,0,0,0,0,10.6157
HG02309,0,0,0,0,0,0,6.86062
HG02312,0,0,0,0,0,0,12.3134
HG02314,0,0,0,0,0,0,13.4717
HG02315,0,0,0,0,0,0,23.3021
HG02316,0,0,0,0,0,0,4.00458
HG02317,0,0,0,1.78141,0,0,12.7751
HG02318,0,0,0,0,0,0,4.00458
HG02321,0,0,0,0,0,0,4.00458
HG02322,0,0,0,0,0,0,13.4619
HG02323,0,0,0,0,0,0,4.00458
HG02325,0,0,0,0,0,0,10.6157
HG02330,0,0,0,0,0,0,9.46711
HG02332,0,0,0,0,0,0,8.00917
HG02334,0,0,0,0,0,0,10.8652
HG02337,0,0,0,0,0,0,4.00458
HG02339,0,0,0,1.78141,0,0,13.3643
HG02343,0,0,0,0,0,0,10.6157
HG02345,0,0,0,0,0,0,12.0638
HG02348,0,0,0,1.78141,0,0,13.0747
HG02351,0,0,0,0,0,0,18.9244
HG02353,0,0,0,0,0,0,18.9147
HG02355,0,0,0,0,0,0,9.45733
HG02356,0,0,0,0,0,0,13.4619
HG02360,0,0,0,0,0,0,13.4619
HG02364,0,0,0,0,0,0,8.00917
HG02367,0,0,0,0,0,0,8.00917
HG02371,0,0,0,0,0,0,18.9244
HG02373,0,0,0,0,0,0,16.4415
HG02374,0,0,0,0,0,0,16.318
HG02375,0,0,0,0,0,0,8.00917
HG02379,0,0,0,0,0,0,13.4619
HG02380,0,0,0,0,0,0,18.9147
HG02382,0,0,0,0,0,0,16.318
HG02383,0,0,0,0,0,0,8.00917
HG02384,0,0,0,0,0,0,8.00917
HG02385,0,0,0,0,0,0,13.2221
HG02386,0,0,0,0,0,0,13.4619
HG02389,0,0,0,0,0,0,17.8396
HG02390,0,0,0,0,0,0,9.45733
HG02391,0,0,0,0,0,0,10.8652
HG02392,0,0,0,0,0,0,16.318
HG02394,0,0,0,0,0,0,12.3134
HG02395,0,0,0,0,0,0,8.00917
HG02396,0,0,0,0,0,0,8.00917
HG02397,0,0,0,0,0,0,21.5309
HG02398,0,0,0,0,0,0,16.0684
HG02399,0,0,0,0,0,0,14.0512
HG02401,0,0,0,0,0,0,16.318
HG02402,0,0,0,0,0,0,18.9244
HG02406,0,0,0,0,0,0,6.61107
HG02407,0,0,0,0,0,0,16.318
HG02408,0,0,0,0,0,0,16.318
HG02409,0,0,0,0,0,0,16.318
HG02410,0,0,0,0,0,0,16.318
HG02419,0,0,0,0,0,0,8.00917
HG02420,0,0,0,1.78141,0,0,19.6858
HG02425,0,0,0,0,0,0,12.0638
HG02427,0,0,0,0,0,0,20.9118
HG02429,0,0,0,0,0,0,8.00917
HG02433,0,0,0,0,0,0,6.61107
HG02439,0,0,0,0,0,0,22.6496
HG02442,0,0,0,0,0,0,8.00917
HG02445,0,0,0,0,0,0,6.86062
HG02449,0,0,0,0,0,0,10.8652
HG02450,0,0,0,0,0,0,10.8652
HG02451,0,0,0,0,0,0,13.7212
HG02455,0,0,0,0,0,0,12.603
HG02461,0,0,0,0,0,0,16.0684
HG02462,0,0,0,0,0,0,12.603
HG02463,0,0,0,0,0,0,13.4619
HG02464,0,0,0,0,0,0,0
HG02465,0,0,0,0,0,0,4.00458
HG02466,0,0,0,0,0,0,0
HG02470,0,0,0,0,0,0,6.61107
HG02471,0,0,0,0,0,0,4.00458
HG02476,0,0,0,0,0,0,8.30879
HG02477,0,0,0,0,0,0,8.00917
HG02479,0,0,0,0,0,0,8.00917
HG02481,0,0,0,0,0,0,13.1923
HG02484,0,0,0,0,0,0,5.71207
HG02485,0,0,0,0,0,0,7.44988
HG02489,0,0,0,0,0,0,8.00917
HG02490,0,0,0,0,0,0,10.8652
HG02491,0,0,0,0,0,0,8.00917
HG02492,0,0,0,0,0,0,8.00917
HG02493,0,0,0,0,0,0,4.00458
HG02494,0,0,0,1.78141,0,0,37.8984
HG02495,0,0,0,0,0,0,16.691
HG02496,0,0,0,0,0,0,4.00458
HG02497,0,0,0,0,0,0,2.60649
HG02501,0,0,0,0,0,0,8.00917
HG02502,0,0,0,0,0,0,4.00458
HG02505,0,0,0,0,0,0,13.4619
HG02508,0,0,0,0,0,0,4.00458
HG02511,0,0,0,0,0,0,16.318
HG02512,0,0,0,0,0,0,13.4619
HG02513,0,0,0,0,0,0,10.8652
HG02514,0,0,0,0,0,0,8.00917
HG02521,0,0,0,0,0,0,9.71666
HG02522,0,0,0,0,0,0,27.8959
HG02523,0,0,0,0,0,0,24.1409
HG02524,0,0,0,0,0,0,17.8396
HG02525,0,0,0,0,0,0,14.9199
HG02526,0,0,0,0,0,0,13.4619
HG02536,0,0,0,0,0,0,8.00917
HG02537,0,0,0,0,0,0,15.2095
HG02541,0,0,0,0,0,0,13.835
HG02545,0,0,0,0,0,0,8.59843
HG02546,0,0,0,0,0,0,12.603
HG02549,0,0,0,0,0,0,10.6157
HG02554,0,0,0,0,0,0,4.59384
HG02555,0,0,0,0,0,0,10.6157
HG02557,0,0,0,0,0,0,9.46711
HG02558,0,0,0,0,0,0,6.86062
HG02561,0,0,0,0,0,0,8.59843
HG02562,0,0,0,0,0,0,10.8652
HG02563,0,0,0,0,0,0,12.603
HG02568,0,0,0,0,0,0,10.6157
HG02569,0,0,0,0,0,0,8.00917
HG02570,0,0,0,0,0,0,10.8652
HG02571,0,0,0,0,0,0,4.00458
HG02572,0,0,0,0,0,0,8.00917
HG02573,0,0,0,0,0,0,8.00917
HG02574,0,0,0,0,0,0,0
HG02575,0,0,0,0,0,0,4.00458
HG02577,0,0,0,0,0,0,8.00917
HG02580,0,0,0,0,0,0,10.6157
HG02582,0,0,0,0,0,0,4.00458
HG02583,0,0,0,0,0,0,8.00917
HG02584,0,0,0,0,0,0,8.00917
HG02585,0,0,0,0,0,0,13.7212
HG02586,0,0,0,0,0,0,4.00458
HG02587,0,0,0,0,0,0,10.8652
HG02588,0,0,0,0,0,0,11.2049
HG02589,0,0,0,0,0,0,8.59843
HG02590,0,0,0,0,0,0,8.59843
HG02594,0,0,0,1.78141,0,0,12.7751
HG02595,0,0,0,0,0,0,8.59843
HG02596,0,0,0,0,0,0,4.00458
HG02597,0,0,0,0,0,0,17.8396
HG02600,0,0,0,1.78141,0,0,12.7751
HG02601,0,0,0,0,0,0,18.0655
HG02602,0,0,0,0,0,0,10.6157
HG02603,0,0,0,0,0,0,19.174
HG02604,0,0,0,0,0,0,12.603
HG02605,0,0,0,0,0,0,20.9118
HG02610,0,0,0,0,0,0,18.0655
HG02611,0,0,0,0,0,0,20.672
HG02612,0,0,0,0,0,0,20.9216
HG02613,0,0,0,0,0,0,10.8652
HG02614,0,0,0,0,0,0,10.6157
HG02615,0,0,0,0,0,0,10.6157
HG02620,0,0,0,0,0,0,4.00458
HG02621,0,0,0,0,0,0,10.6157
HG02622,0,0,0,0,0,0,8.00917
HG02623,0,0,0,0,0,0,13.4717
HG02624,0,0,0,0,0,0,8.59843
HG02625,0,0,0,0,0,0,14.061
HG02628,0,0,0,0,0,0,4.00458
HG02629,0,0,0,0,0,0,6.86062
HG02630,0,0,0,0,0,0,4.00458
HG02634,0,0,0,1.78141,0,0,12.7751
HG02635,0,0,0,0,0,0,4.00458
HG02636,0,0,0,0,0,0,8.00917
HG02642,0,0,0,0,0,0,8.00917
HG02643,0,0,0,0,0,0,13.7212
HG02644,0,0,0,0,0,0,10.8652
HG02645,0,0,0,0,0,0,16.691
HG02646,0,0,0,0,0,0,9.46711
HG02647,0,0,0,0,0,0,16.4415
HG02648,0,0,0,1.78141,0,0,18.4871
HG02649,0,0,0,1.78141,0,0,15.6311
HG02650,0,0,0,0,0,0,10.8652
HG02651,0,0,0,0,0,0,4.00458
HG02652,0,0,0,0,0,0,8.00917
HG02653,0,0,0,0,0,0,8.00917
HG02654,0,0,0,0,0,0,19.174
HG02655,0,0,0,0,0,0,10.8652
HG02656,0,0,0,0,0,0,10.8652
HG02657,0,0,0,0,0,0,4.00458
HG02658,0,0,0,1.78141,0,0,23.9399
HG02659,0,0,0,1.78141,0,0,11.6265
HG02660,0,0,0,1.78141,0,0,12.7751
HG02661,0,0,0,0,0,0,12.603
HG02662,0,0,0,0,0,0,8.00917
HG02666,0,0,0,0,0,0,8.00917
HG02667,0,0,0,0,0,0,6.86062
HG02668,0,0,0,0,0,0,8.00917
HG02675,0,0,0,0,0,0,9.71666
HG02676,0,0,0,0,0,0,15.2095
HG02677,0,0,0,0,0,0,18.0655
HG02678,0,0,0,0,0,0,4.00458
HG02679,0,0,0,0,0,0,15.459
HG02680,0,0,0,0,0,0,10.8652
HG02681,0,0,0,1.78141,0,0,18.2278
HG02682,0,0,0,1.78141,0,0,18.2278
HG02683,0,0,0,3.56282,0,0,22.9937
HG02684,0,0,0,1.78141,0,0,18.5274
HG02685,0,0,0,0,0,0,10.8652
HG02686,0,0,0,1.78141,0,0,17.0793
HG02687,0,0,0,1.78141,0,0,12.7751
HG02688,0,0,0,1.78141,0,0,20.2249
HG02689,0,0,0,1.78141,0,0,15.6311
HG02690,0,0,0,0,0,0,12.9124
HG02691,0,0,0,1.78141,0,0,23.4207
HG02692,0,0,0,1.78141,0,0,12.2158
HG02694,0,0,0,1.78141,0,0,27.4155
HG02696,0,0,0,0,0,0,13.4717
HG02697,0,0,0,0,0,0,22.4334
HG02698,0,0,0,0,0,0,15.2095
HG02699,0,0,0,0,0,0,19.174
HG02700,0,0,0,1.78141,0,0,18.4871
HG02701,0,0,0,1.78141,0,0,23.9399
HG02702,0,0,0,0,0,0,12.3231
HG02703,0,0,0,0,0,0,10.0564
HG02704,0,0,0,0,0,0,14.9296
HG02715,0,0,0,0,0,0,13.4717
HG02716,0,0,0,0,0,0,10.8652
HG02717,0,0,0,0,0,0,13.7212
HG02721,0,0,0,0,0,0,10.6157
HG02722,0,0,0,0,0,0,5.45275
HG02723,0,0,0,0,0,0,4.00458
HG02724,0,0,0,0,0,0,25.2895
HG02725,0,0,0,0,0,0,5.71207
HG02726,0,0,0,0,0,0,11.4545
HG02727,0,0,0,0,0,0,10.6157
HG02728,0,0,0,0,0,0,10.8652
HG02729,0,0,0,0,0,0,8.00917
HG02731,0,0,0,0,0,0,18.3151
HG02733,0,0,0,0,0,0,12.603
HG02734,0,0,0,0,0,0,18.9244
HG02735,0,0,0,0,0,0,23.5183
HG02736,0,0,0,0,0,0,6.86062
HG02737,0,0,0,1.78141,0,0,19.6858
HG02738,0,0,0,1.78141,0,0,20.8343
HG02756,0,0,0,0,0,0,12.603
HG02757,0,0,0,0,0,0,0
HG02759,0,0,0,0,0,0,8.00917
HG02760,0,0,0,0,0,0,8.00917
HG02761,0,0,0,0,0,0,8.00917
HG02762,0,0,0,0,0,0,16.0782
HG02763,0,0,0,0,0,0,12.603
HG02764,0,0,0,0,0,0,13.4717
HG02768,0,0,0,0,0,0,8.00917
HG02769,0,0,0,0,0,0,9.80683
HG02770,0,0,0,0,0,0,6.61107
HG02771,0,0,0,0,0,0,4.00458
HG02772,0,0,0,0,0,0,6.86062
HG02773,0,0,0,0,0,0,6.86062
HG02774,0,0,0,0,0,0,10.6157
HG02775,0,0,0,0,0,0,19.174
HG02776,0,0,0,0,0,0,16.318
HG02778,0,0,0,0,0,0,13.7212
HG02780,0,0,0,0,0,0,10.8652
HG02783,0,0,0,1.78141,0,0,14.2232
HG02784,0,0,0,0,0,0,8.00917
HG02785,0,0,0,1.78141,0,0,8.77048
HG02786,0,0,0,0,0,0,10.8652
HG02787,0,0,0,0,0,0,9.45733
HG02788,0,0,0,0,0,0,16.318
HG02789,0,0,0,0,0,0,12.603
HG02790,0,0,0,0,0,0,20.9118
HG02791,0,0,0,0,0,0,25.5056
HG02792,0,0,0,1.78141,0,0,12.7751
HG02793,0,0,0,0,0,0,21.0353
HG02794,0,0,0,1.78141,0,0,8.77048
HG02798,0,0,0,1.78141,0,0,12.7751
HG02799,0,0,0,0,0,0,8.00917
HG02800,0,0,0,1.78141,0,0,12.7751
HG02804,0,0,0,0,0,0,2.60649
HG02805,0,0,0,0,0,0,12.3231
HG02806,0,0,0,0,0,0,6.86062
HG02807,0,0,0,0,0,0,10.8652
HG02808,0,0,0,0,0,0,10.6157
HG02809,0,0,0,0,0,0,13.4717
HG02810,0,0,0,0,0,0,10.8652
HG02811,0,0,0,0,0,0,6.61107
HG02812,0,0,0,0,0,0,13.4717
HG02813,0,0,0,0,0,0,0
HG02814,0,0,0,0,0,0,10.6157
HG02815,0,0,0,0,0,0,6.61107
HG02816,0,0,0,0,0,0,8.00917
HG02817,0,0,0,0,0,0,12.603
HG02818,0,0,0,0,0,0,8.00917
HG02819,0,0,0,0,0,0,10.6157
HG02820,0,0,0,0,0,0,4.00458
HG02821,0,0,0,0,0,0,8.00917
HG02836,0,0,0,0,0,0,10.6157
HG02837,0,0,0,0,0,0,4.00458
HG02838,0,0,0,0,0,0,10.6157
HG02839,0,0,0,0,0,0,10.8652
HG02840,0,0,0,0,0,0,6.86062
HG02841,0,0,0,0,0,0,10.8652
HG02851,0,0,0,0,0,0,8.00917
HG02852,0,0,0,0,0,0,8.00917
HG02853,0,0,0,0,0,0,8.00917
HG02854,0,0,0,0,0,0,4.00458
HG02855,0,0,0,0,0,0,8.00917
HG02856,0,0,0,0,0,0,4.00458
HG02860,0,0,0,0,0,0,8.00917
HG02861,0,0,0,0,0,0,8.00917
HG02862,0,0,0,0,0,0,8.00917
HG02869,0,0,0,0,0,0,13.4717
HG02870,0,0,0,0,0,0,4.00458
HG02871,0,0,0,0,0,0,13.4717
HG02878,0,0,0,0,0,0,8.00917
HG02879,0,0,0,0,0,0,10.8652
HG02880,0,0,0,0,0,0,10.8652
HG02881,0,0,0,0,0,0,10.6157
HG02882,0,0,0,0,0,0,9.46711
HG02883,0,0,0,0,0,0,6.86062
HG02884,0,0,0,0,0,0,8.00917
HG02885,0,0,0,0,0,0,8.59843
HG02886,0,0,0,0,0,0,4.00458
HG02887,0,0,0,0,0,0,8.00917
HG02888,0,0,0,0,0,0,6.61107
HG02889,0,0,0,0,0,0,6.61107
HG02890,0,0,0,0,0,0,8.00917
HG02891,0,0,0,0,0,0,8.00917
HG02892,0,0,0,0,0,0,8.00917
HG02895,0,0,0,0,0,0,8.06902
HG02896,0,0,0,0,0,0,2.85604
HG02897,0,0,0,0,0,0,2.60649
HG02922,0,0,0,0,0,0,10.6157
HG02923,0,0,0,0,0,0,6.61107
HG02924,0,0,0,0,0,0,10.6157
HG02938,0,0,0,0,0,0,8.00917
HG02941,0,0,0,0,0,0,4.00458
HG02943,0,0,0,0,0,0,9.71666
HG02944,0,0,0,0,0,0,10.6157
HG02945,0,0,0,0,0,0,13.4717
HG02946,0,0,0,0,0,0,8.00917
HG02947,0,0,0,1.78141,0,0,15.3816
HG02948,0,0,0,0,0,0,10.6157
HG02952,0,0,0,0,0,0,8.00917
HG02953,0,0,0,0,0,0,10.8652
HG02954,0,0,0,0,0,0,8.00917
HG02964,0,0,0,0,0,0,14.0512
HG02965,0,0,0,1.78141,0,0,12.7751
HG02966,0,0,0,0,0,0,13.4619
HG02968,0,0,0,0,0,0,10.8652
HG02970,0,0,0,0,0,0,9.45733
HG02971,0,0,0,0,0,0,8.00917
HG02972,0,0,0,0,0,0,9.45733
HG02973,0,0,0,0,0,0,13.4619
HG02974,0,0,0,0,0,0,8.00917
HG02975,0,0,0,0,0,0,8.00917
HG02976,0,0,0,0,0,0,8.00917
HG02977,0,0,0,0,0,0,8.00917
HG02978,0,0,0,0,0,0,8.00917
HG02979,0,0,0,0,0,0,8.00917
HG02980,0,0,0,0,0,0,8.00917
HG02981,0,0,0,0,0,0,8.00917
HG02982,0,0,0,0,0,0,6.86062
HG02983,0,0,0,0,0,0,4.00458
HG02984,0,0,0,0,0,0,6.86062
HG03006,0,0,0,0,0,0,13.7212
HG03007,0,0,0,0,0,0,6.86062
HG03008,0,0,0,0,0,0,6.86062
HG03009,0,0,0,0,0,0,29.1279
HG03012,0,0,0,0,0,0,13.7212
HG03015,0,0,0,0,0,0,12.603
HG03016,0,0,0,0,0,0,8.00917
HG03017,0,0,0,0,0,0,8.00917
HG03018,0,0,0,0,0,0,10.8652
HG03019,0,0,0,0,0,0,8.00917
HG03021,0,0,0,0,0,0,4.00458
HG03022,0,0,0,0,0,0,26.1581
HG03024,0,0,0,0,0,0,10.8652
HG03025,0,0,0,0,0,0,10.6157
HG03026,0,0,0,0,0,0,13.4717
HG03027,0,0,0,0,0,0,8.00917
HG03028,0,0,0,1.78141,0,0,15.6311
HG03029,0,0,0,1.78141,0,0,15.6311
HG03033,0,0,0,0,0,0,2.60649
HG03034,0,0,0,0,0,0,8.00917
HG03035,0,0,0,0,0,0,4.00458
HG03039,0,0,0,0,0,0,6.86062
HG03040,0,0,0,0,0,0,6.86062
HG03041,0,0,0,0,0,0,6.86062
HG03045,0,0,0,0,0,0,4.00458
HG03046,0,0,0,0,0,0,10.6157
HG03047,0,0,0,0,0,0,6.61107
HG03048,0,0,0,0,0,0,15.459
HG03049,0,0,0,0,0,0,6.86062
HG03050,0,0,0,0,0,0,11.4545
HG03052,0,0,0,0,0,0,10.6157
HG03054,0,0,0,1.78141,0,0,15.6311
HG03055,0,0,0,0,0,0,6.86062
HG03056,0,0,0,0,0,0,13.7212
HG03057,0,0,0,0,0,0,8.00917
HG03058,0,0,0,0,0,0,8.00917
HG03060,0,0,0,0,0,0,6.61107
HG03061,0,0,0,1.78141,0,0,17.089
HG03063,0,0,0,0,0,0,12.0638
HG03064,0,0,0,0,0,0,12.603
HG03065,0,0,0,0,0,0,15.2095
HG03066,0,0,0,0,0,0,10.6157
HG03069,0,0,0,1.78141,0,0,12.7751
HG03072,0,0,0,0,0,0,8.00917
HG03073,0,0,0,0,0,0,6.61107
HG03074,0,0,0,1.78141,0,0,15.6311
HG03077,0,0,0,0,0,0,8.00917
HG03078,0,0,0,0,0,0,6.61107
HG03079,0,0,0,0,0,0,10.8652
HG03081,0,0,0,0,0,0,6.61107
HG03082,0,0,0,0,0,0,4.00458
HG03084,0,0,0,0,0,0,18.9244
HG03085,0,0,0,0,0,0,8.00917
HG03086,0,0,0,1.78141,0,0,19.9754
HG03088,0,0,0,0,0,0,4.00458
HG03091,0,0,0,0,0,0,10.6157
HG03095,0,0,0,0,0,0,10.8652
HG03096,0,0,0,0,0,0,13.2221
HG03097,0,0,0,1.78141,0,0,15.3816
HG03098,0,0,0,0,0,0,10.6157
HG03099,0,0,0,0,0,0,8.00917
HG03100,0,0,0,0,0,0,8.00917
HG03101,0,0,0,0,0,0,8.00917
HG03103,0,0,0,0,0,0,10.6157
HG03105,0,0,0,0,0,0,4.00458
HG03108,0,0,0,0,0,0,8.00917
HG03109,0,0,0,0,0,0,10.8652
HG03110,0,0,0,0,0,0,8.00917
HG03111,0,0,0,0,0,0,6.86062
HG03112,0,0,0,0,0,0,4.00458
HG03113,0,0,0,0,0,0,0
HG03114,0,0,0,0,0,0,8.00917
HG03115,0,0,0,0,0,0,6.86062
HG03116,0,0,0,0,0,0,8.00917
HG03117,0,0,0,0,0,0,10.8652
HG03118,0,0,0,0,0,0,0
HG03119,0,0,0,0,0,0,6.86062
HG03120,0,0,0,0,0,0,15.2095
HG03121,0,0,0,0,0,0,8.00917
HG03122,0,0,0,0,0,0,10.6157
HG03123,0,0,0,0,0,0,12.603
HG03124,0,0,0,0,0,0,8.00917
HG03125,0,0,0,0,0,0,12.603
HG03126,0,0,0,0,0,0,8.00917
HG03127,0,0,0,0,0,0,4.00458
HG03128,0,0,0,0,0,0,8.00917
HG03129,0,0,0,0,0,0,10.8652
HG03130,0,0,0,0,0,0,15.2095
HG03131,0,0,0,0,0,0,10.8652
HG03132,0,0,0,0,0,0,15.2095
HG03133,0,0,0,0,0,0,8.00917
HG03134,0,0,0,0,0,0,8.00917
HG03135,0,0,0,0,0,0,4.00458
HG03136,0,0,0,0,0,0,8.00917
HG03137,0,0,0,0,0,0,4.00458
HG03139,0,0,0,0,0,0,8.00917
HG03157,0,0,0,0,0,0,8.00917
HG03159,0,0,0,0,0,0,8.00917
HG03160,0,0,0,0,0,0,0
HG03161,0,0,0,0,0,0,4.00458
HG03162,0,0,0,0,0,0,13.4717
HG03163,0,0,0,0,0,0,18.6749
HG03164,0,0,0,0,0,0,16.0684
HG03166,0,0,0,0,0,0,8.00917
HG03168,0,0,0,0,0,0,8.00917
HG03169,0,0,0,0,0,0,19.5137
HG03170,0,0,0,0,0,0,9.46711
HG03172,0,0,0,1.78141,0,0,24.5692
HG03175,0,0,0,0,0,0,8.00917
HG03189,0,0,0,0,0,0,6.61107
HG03190,0,0,0,0,0,0,4.00458
HG03191,0,0,0,0,0,0,10.6157
HG03193,0,0,0,0,0,0,10.8652
HG03195,0,0,0,0,0,0,4.00458
HG03196,0,0,0,0,0,0,6.86062
HG03197,0,0,0,0,0,0,6.86062
HG03198,0,0,0,0,0,0,8.00917
HG03199,0,0,0,0,0,0,4.00458
HG03200,0,0,0,0,0,0,4.00458
HG03202,0,0,0,0,0,0,4.00458
HG03209,0,0,0,0,0,0,8.00917
HG03212,0,0,0,0,0,0,10.8652
HG03224,0,0,0,1.78141,0,0,12.7751
HG03225,0,0,0,0,0,0,6.61107
HG03228,0,0,0,0,0,0,10.8652
HG03229,0,0,0,0,0,0,28.1455
HG03230,0,0,0,0,0,0,13.7212
HG03234,0,0,0,0,0,0,15.459
HG03235,0,0,0,1.78141,0,0,30.0554
HG03236,0,0,0,1.78141,0,0,31.7932
HG03237,0,0,0,0,0,0,4.00458
HG03238,0,0,0,0,0,0,6.86062
HG03239,0,0,0,0,0,0,6.86062
HG03240,0,0,0,0,0,0,8.00917
HG03241,0,0,0,0,0,0,6.61107
HG03242,0,0,0,0,0,0,10.6157
HG03246,0,0,0,0,0,0,11.4545
HG03247,0,0,0,0,0,0,14.061
HG03248,0,0,0,0,0,0,17.5063
HG03249,0,0,0,0,0,0,6.61107
HG03250,0,0,0,0,0,0,10.8652
HG03251,0,0,0,0,0,0,13.4717
HG03258,0,0,0,0,0,0,11.2049
HG03259,0,0,0,0,0,0,8.00917
HG03260,0,0,0,0,0,0,4.00458
HG03265,0,0,0,0,0,0,10.8652
HG03267,0,0,0,0,0,0,8.00917
HG03268,0,0,0,1.78141,0,0,8.77048
HG03269,0,0,0,1.78141,0,0,12.7751
HG03270,0,0,0,0,0,0,8.00917
HG03271,0,0,0,0,0,0,4.00458
HG03272,0,0,0,0,0,0,8.00917
HG03279,0,0,0,0,0,0,8.00917
HG03280,0,0,0,0,0,0,8.00917
HG03291,0,0,0,0,0,0,10.8652
HG03294,0,0,0,0,0,0,15.2095
HG03295,0,0,0,0,0,0,8.00917
HG03296,0,0,0,0,0,0,10.6157
HG03297,0,0,0,0,0,0,8.00917
HG03298,0,0,0,0,0,0,0
HG03299,0,0,0,0,0,0,4.00458
HG03300,0,0,0,0,0,0,9.46711
HG03301,0,0,0,1.78141,0,0,11.377
HG03302,0,0,0,0,0,0,13.2221
HG03303,0,0,0,0,0,0,8.00917
HG03304,0,0,0,0,0,0,10.6157
HG03305,0,0,0,0,0,0,10.6157
HG03306,0,0,0,0,0,0,8.00917
HG03307,0,0,0,0,0,0,8.00917
HG03308,0,0,0,0,0,0,8.00917
HG03309,0,0,0,0,0,0,4.00458
HG03310,0,0,0,0,0,0,4.00458
HG03311,0,0,0,0,0,0,4.00458
HG03312,0,0,0,0,0,0,13.4717
HG03313,0,0,0,0,0,0,8.00917
HG03314,0,0,0,0,0,0,10.8652
HG03342,0,0,0,0,0,0,13.4717
HG03343,0,0,0,0,0,0,8.00917
HG03344,0,0,0,0,0,0,13.4717
HG03350,0,0,0,0,0,0,9.21756
HG03351,0,0,0,0,0,0,10.6157
HG03352,0,0,0,0,0,0,6.61107
HG03354,0,0,0,1.78141,0,0,11.6265
HG03363,0,0,0,0,0,0,14.9199
HG03366,0,0,0,0,0,0,8.00917
HG03367,0,0,0,0,0,0,4.00458
HG03368,0,0,0,0,0,0,8.00917
HG03369,0,0,0,0,0,0,8.00917
HG03370,0,0,0,0,0,0,6.61107
HG03371,0,0,0,0,0,0,8.00917
HG03372,0,0,0,0,0,0,8.00917
HG03373,0,0,0,0,0,0,10.8652
HG03374,0,0,0,0,0,0,10.8652
HG03376,0,0,0,0,0,0,6.86062
HG03378,0,0,0,0,0,0,8.00917
HG03380,0,0,0,0,0,0,13.4717
HG03382,0,0,0,0,0,0,8.59843
HG03385,0,0,0,0,0,0,10.6157
HG03388,0,0,0,0,0,0,4.00458
HG03391,0,0,0,1.78141,0,0,11.6265
HG03394,0,0,0,0,0,0,16.318
HG03397,0,0,0,0,0,0,6.61107
HG03401,0,0,0,0,0,0,6.86062
HG03410,0,0,0,0,0,0,10.6157
HG03419,0,0,0,0,0,0,20.6623
HG03428,0,0,0,0,0,0,4.00458
HG03432,0,0,0,3.56282,0,0,20.7367
HG03433,0,0,0,0,0,0,10.8652
HG03436,0,0,0,0,0,0,4.00458
HG03437,0,0,0,0,0,0,8.00917
HG03438,0,0,0,0,0,0,8.00917
HG03439,0,0,0,0,0,0,9.71666
HG03442,0,0,0,0,0,0,8.00917
HG03445,0,0,0,1.78141,0,0,8.77048
HG03446,0,0,0,0,0,0,8.00917
HG03449,0,0,0,0,0,0,8.00917
HG03451,0,0,0,0,0,0,9.21756
HG03452,0,0,0,0,0,0,4.00458
HG03453,0,0,0,0,0,0,10.6157
HG03454,0,0,0,1.78141,0,0,28.2842
HG03455,0,0,0,0,0,0,8.00917
HG03456,0,0,0,1.78141,0,0,17.3689
HG03457,0,0,0,0,0,0,14.9199
HG03458,0,0,0,1.78141,0,0,20.8343
HG03460,0,0,0,1.78141,0,0,15.6311
HG03461,0,0,0,0,0,0,9.45733
HG03464,0,0,0,0,0,0,8.00917
HG03469,0,0,0,0,0,0,8.00917
HG03470,0,0,0,1.78141,0,0,11.377
HG03472,0,0,0,0,0,0,13.7212
HG03473,0,0,0,0,0,0,18.0558
HG03476,0,0,0,0,0,0,10.8652
HG03478,0,0,0,0,0,0,8.00917
HG03479,0,0,0,0,0,0,4.00458
HG03480,0,0,0,0,0,0,8.00917
HG03484,0,0,0,0,0,0,8.00917
HG03485,0,0,0,0,0,0,0
HG03486,0,0,0,0,0,0,4.00458
HG03487,0,0,0,0,0,0,10.8652
HG03488,0,0,0,0,0,0,10.8652
HG03489,0,0,0,0,0,0,8.00917
HG03490,0,0,0,0,0,0,10.8652
HG03491,0,0,0,0,0,0,23.2923
HG03492,0,0,0,0,0,0,8.00917
HG03499,0,0,0,0,0,0,8.00917
HG03511,0,0,0,0,0,0,8.00917
HG03514,0,0,0,0,0,0,4.00458
HG03515,0,0,0,0,0,0,8.00917
HG03516,0,0,0,0,0,0,4.00458
HG03517,0,0,0,0,0,0,8.00917
HG03518,0,0,0,0,0,0,8.00917
HG03519,0,0,0,0,0,0,8.00917
HG03520,0,0,0,0,0,0,9.46711
HG03521,0,0,0,0,0,0,12.603
HG03522,0,0,0,0,0,0,13.4717
HG03538,0,0,0,0,0,0,6.86062
HG03539,0,0,0,0,0,0,4.00458
HG03540,0,0,0,0,0,0,6.86062
HG03547,0,0,0,0,0,0,14.0512
HG03548,0,0,0,0,0,0,6.61107
HG03556,0,0,0,0,0,0,4.00458
HG03557,0,0,0,0,0,0,4.00458
HG03558,0,0,0,0,0,0,8.00917
HG03559,0,0,0,0,0,0,18.0655
HG03563,0,0,0,0,0,0,8.00917
HG03565,0,0,0,0,0,0,12.603
HG03567,0,0,0,0,0,0,8.00917
HG03571,0,0,0,0,0,0,12.603
HG03572,0,0,0,0,0,0,4.00458
HG03574,0,0,0,0,0,0,4.00458
HG03575,0,0,0,0,0,0,10.6157
HG03576,0,0,0,0,0,0,8.00917
HG03577,0,0,0,1.78141,0,0,12.7751
HG03578,0,0,0,0,0,0,13.2221
HG03579,0,0,0,0,0,0,10.6157
HG03582,0,0,0,1.78141,0,0,17.3689
HG03583,0,0,0,0,0,0,10.8652
HG03584,0,0,0,1.78141,0,0,12.7751
HG03585,0,0,0,0,0,0,25.5056
HG03589,0,0,0,0,0,0,4.00458
HG03593,0,0,0,1.78141,0,0,18.2376
HG03594,0,0,0,1.78141,0,0,12.7751
HG03595,0,0,0,0,0,0,26.1484
HG03596,0,0,0,0,0,0,17.8396
HG03598,0,0,0,0,0,0,10.8652
HG03600,0,0,0,0,0,0,20.9118
HG03603,0,0,0,0,0,0,15.459
HG03604,0,0,0,0,0,0,16.917
HG03605,0,0,0,0,0,0,2.85604
HG03606,0,0,0,0,0,0,2.85604
HG03607,0,0,0,0,0,0,9.8304
HG03611,0,0,0,0,0,0,8.00917
HG03615,0,0,0,0,0,0,10.8652
HG03616,0,0,0,0,0,0,14.0512
HG03617,0,0,0,0,0,0,11.4545
HG03618,0,0,0,0,0,0,25.8988
HG03619,0,0,0,1.78141,0,0,11.377
HG03620,0,0,0,0,0,0,14.6703
HG03624,0,0,0,0,0,0,13.4717
HG03625,0,0,0,0,0,0,11.4545
HG03626,0,0,0,0,0,0,12.3231
HG03629,0,0,0,0,0,0,10.8652
HG03631,0,0,0,0,0,0,13.7212
HG03633,0,0,0,0,0,0,17.8396
HG03634,0,0,0,0,0,0,12.3134
HG03635,0,0,0,0,0,0,16.691
HG03636,0,0,0,0,0,0,18.0655
HG03639,0,0,0,0,0,0,10.8652
HG03640,0,0,0,1.78141,0,0,27.1993
HG03641,0,0,0,0,0,0,22.4334
HG03642,0,0,0,0,0,0,15.7988
HG03643,0,0,0,0,0,0,10.8652
HG03644,0,0,0,0,0,0,16.318
HG03645,0,0,0,0,0,0,8.00917
HG03646,0,0,0,0,0,0,13.4619
HG03649,0,0,0,0,0,0,8.00917
HG03650,0,0,0,0,0,0,8.00917
HG03651,0,0,0,0,0,0,8.00917
HG03652,0,0,0,1.78141,0,0,25.4282
HG03653,0,0,0,0,0,0,4.00458
HG03654,0,0,0,1.78141,0,0,14.2232
HG03660,0,0,0,0,0,0,4.00458
HG03663,0,0,0,1.78141,0,0,12.7751
HG03667,0,0,0,0,0,0,10.8652
HG03668,0,0,0,1.78141,0,0,18.2376
HG03669,0,0,0,0,0,0,10.8652
HG03672,0,0,0,0,0,0,11.4545
HG03673,0,0,0,0,0,0,13.4619
HG03679,0,0,0,0,0,0,13.4717
HG03680,0,0,0,0,0,0,20.6956
HG03681,0,0,0,0,0,0,6.86062
HG03682,0,0,0,0,0,0,17.8396
HG03683,0,0,0,0,0,0,8.00917
HG03684,0,0,0,0,0,0,15.459
HG03685,0,0,0,0,0,0,4.00458
HG03686,0,0,0,0,0,0,6.86062
HG03687,0,0,0,0,0,0,10.8652
HG03688,0,0,0,0,0,0,8.00917
HG03689,0,0,0,0,0,0,8.00917
HG03690,0,0,0,0,0,0,16.318
HG03691,0,0,0,1.78141,0,0,8.77048
HG03692,0,0,0,0,0,0,26.1484
HG03693,0,0,0,0,0,0,22.1438
HG03694,0,0,0,0,0,0,13.4619
HG03695,0,0,0,0,0,0,18.9147
HG03696,0,0,0,0,0,0,9.71666
HG03697,0,0,0,0,0,0,18.0655
HG03698,0,0,0,1.78141,0,0,22.5418
HG03699,0,0,0,0,0,0,8.00917
HG03700,0,0,0,0,0,0,4.00458
HG03701,0,0,0,0,0,0,8.00917
HG03702,0,0,0,0,0,0,24.6267
HG03703,0,0,0,0,0,0,8.00917
HG03704,0,0,0,0,0,0,16.318
HG03705,0,0,0,0,0,0,17.8396
HG03706,0,0,0,1.78141,0,0,18.2278
HG03707,0,0,0,1.78141,0,0,18.2278
HG03708,0,0,0,0,0,0,13.7212
HG03709,0,0,0,0,0,0,10.8652
HG03710,0,0,0,0,0,0,10.8652
HG03711,0,0,0,0,0,0,13.4619
HG03713,0,0,0,0,0,0,4.00458
HG03714,0,0,0,0,0,0,15.459
HG03716,0,0,0,0,0,0,10.8652
HG03717,0,0,0,0,0,0,10.8652
HG03718,0,0,0,0,0,0,4.00458
HG03719,0,0,0,0,0,0,8.00917
HG03720,0,0,0,0,0,0,26.1484
HG03721,0,0,0,0,0,0,8.00917
HG03722,0,0,0,0,0,0,8.00917
HG03725,0,0,0,0,0,0,8.00917
HG03727,0,0,0,0,0,0,17.8396
HG03729,0,0,0,0,0,0,8.00917
HG03730,0,0,0,0,0,0,20.6956
HG03731,0,0,0,0,0,0,6.86062
HG03732,0,0,0,0,0,0,8.00917
HG03733,0,0,0,0,0,0,8.00917
HG03736,0,0,0,0,0,0,10.8652
HG03738,0,0,0,0,0,0,12.3134
HG03740,0,0,0,1.78141,0,0,11.6265
HG03741,0,0,0,1.78141,0,0,12.7751
HG03742,0,0,0,0,0,0,8.00917
HG03743,0,0,0,0,0,0,12.603
HG03744,0,0,0,0,0,0,15.459
HG03745,0,0,0,0,0,0,19.174
HG03746,0,0,0,0,0,0,15.459
HG03750,0,0,0,0,0,0,22.4334
HG03752,0,0,0,0,0,0,13.4717
HG03753,0,0,0,0,0,0,16.691
HG03754,0,0,0,0,0,0,18.0558
HG03755,0,0,0,1.78141,0,0,11.6265
HG03756,0,0,0,0,0,0,5.46253
HG03757,0,0,0,0,0,0,8.00917
HG03760,0,0,0,0,0,0,8.00917
HG03761,0,0,0,0,0,0,20.6956
HG03762,0,0,0,0,0,0,12.603
HG03763,0,0,0,0,0,0,10.8652
HG03765,0,0,0,0,0,0,4.00458
HG03767,0,0,0,1.78141,0,0,21.0839
HG03770,0,0,0,0,0,0,17.8396
HG03771,0,0,0,0,0,0,4.00458
HG03772,0,0,0,0,0,0,20.6956
HG03773,0,0,0,1.78141,0,0,20.2249
HG03774,0,0,0,0,0,0,6.61107
HG03775,0,0,0,0,0,0,10.8652
HG03777,0,0,0,0,0,0,11.4545
HG03778,0,0,0,0,0,0,8.00917
HG03779,0,0,0,0,0,0,10.8652
HG03780,0,0,0,1.78141,0,0,16.2204
HG03781,0,0,0,1.78141,0,0,9.35974
HG03782,0,0,0,0,0,0,13.2221
HG03784,0,0,0,0,0,0,10.6157
HG03785,0,0,0,0,0,0,8.00917
HG03786,0,0,0,0,0,0,12.603
HG03787,0,0,0,0,0,0,15.459
HG03788,0,0,0,0,0,0,13.4619
HG03789,0,0,0,0,0,0,20.6623
HG03790,0,0,0,0,0,0,6.61107
HG03792,0,0,0,0,0,0,8.00917
HG03793,0,0,0,0,0,0,18.0558
HG03794,0,0,0,1.78141,0,0,7.37239
HG03795,0,0,0,0,0,0,6.61107
HG03796,0,0,0,0,0,0,12.3134
HG03797,0,0,0,0,0,0,16.9072
HG03798,0,0,0,0,0,0,24.6267
HG03799,0,0,0,0,0,0,18.3151
HG03800,0,0,0,0,0,0,26.1484
HG03801,0,0,0,0,0,0,19.174
HG03802,0,0,0,0,0,0,12.3134
HG03803,0,0,0,0,0,0,20.4461
HG03804,0,0,0,0,0,0,23.3021
HG03805,0,0,0,0,0,0,18.0655
HG03806,0,0,0,0,0,0,4.00458
HG03807,0,0,0,0,0,0,13.4717
HG03808,0,0,0,0,0,0,8.00917
HG03809,0,0,0,0,0,0,8.00917
HG03812,0,0,0,0,0,0,2.60649
HG03814,0,0,0,0,0,0,15.2095
HG03815,0,0,0,0,0,0,8.00917
HG03816,0,0,0,0,0,0,10.6157
HG03817,0,0,0,0,0,0,18.0655
HG03821,0,0,0,0,0,0,6.86062
HG03823,0,0,0,0,0,0,10.8652
HG03824,0,0,0,0,0,0,16.318
HG03825,0,0,0,0,0,0,13.4619
HG03826,0,0,0,0,0,0,8.00917
HG03829,0,0,0,1.78141,0,0,12.7751
HG03830,0,0,0,1.78141,0,0,12.7751
HG03831,0,0,0,0,0,0,8.00917
HG03832,0,0,0,1.78141,0,0,21.0839
HG03833,0,0,0,0,0,0,10.8652
HG03834,0,0,0,1.78141,0,0,15.6311
HG03836,0,0,0,1.78141,0,0,22.8217
HG03837,0,0,0,0,0,0,6.86062
HG03838,0,0,0,3.56282,0,0,17.541
HG03844,0,0,0,0,0,0,26.1484
HG03846,0,0,0,0,0,0,4.00458
HG03848,0,0,0,0,0,0,13.4717
HG03849,0,0,0,0,0,0,8.00917
HG03850,0,0,0,0,0,0,9.71666
HG03851,0,0,0,0,0,0,4.00458
HG03854,0,0,0,3.56282,0,0,31.3025
HG03856,0,0,0,0,0,0,10.8652
HG03857,0,0,0,0,0,0,15.459
HG03858,0,0,0,0,0,0,2.85604
HG03861,0,0,0,0,0,0,8.00917
HG03862,0,0,0,0,0,0,20.0529
HG03863,0,0,0,1.78141,0,0,25.212
HG03864,0,0,0,0,0,0,20.6956
HG03866,0,0,0,0,0,0,11.4545
HG03867,0,0,0,0,0,0,20.4461
HG03868,0,0,0,1.78141,0,0,35.5081
HG03869,0,0,0,0,0,0,10.8652
HG03870,0,0,0,0,0,0,8.00917
HG03871,0,0,0,0,0,0,10.8652
HG03872,0,0,0,0,0,0,4.00458
HG03873,0,0,0,0,0,0,8.00917
HG03874,0,0,0,0,0,0,15.2095
HG03875,0,0,0,0,0,0,16.318
HG03882,0,0,0,0,0,0,8.00917
HG03884,0,0,0,0,0,0,13.4619
HG03885,0,0,0,1.78141,0,0,15.6311
HG03886,0,0,0,0,0,0,10.8652
HG03887,0,0,0,0,0,0,18.9244
HG03888,0,0,0,0,0,0,23.3021
HG03890,0,0,0,0,0,0,12.603
HG03894,0,0,0,0,0,0,15.459
HG03895,0,0,0,0,0,0,10.8652
HG03896,0,0,0,0,0,0,9.45733
HG03897,0,0,0,0,0,0,12.603
HG03898,0,0,0,0,0,0,22.4334
HG03899,0,0,0,0,0,0,8.00917
HG03900,0,0,0,0,0,0,10.6157
HG03902,0,0,0,0,0,0,22.4334
HG03904,0,0,0,0,0,0,16.0684
HG03905,0,0,0,0,0,0,8.00917
HG03906,0,0,0,0,0,0,8.00917
HG03907,0,0,0,1.78141,0,0,28.2842
HG03908,0,0,0,0,0,0,11.2049
HG03909,0,0,0,0,0,0,11.4545
HG03910,0,0,0,1.78141,0,0,18.2278
HG03911,0,0,0,0,0,0,21.7707
HG03913,0,0,0,1.78141,0,0,25.6777
HG03914,0,0,0,0,0,0,13.4619
HG03915,0,0,0,0,0,0,12.603
HG03916,0,0,0,0,0,0,4.00458
HG03917,0,0,0,0,0,0,25.2895
HG03919,0,0,0,0,0,0,10.8652
HG03920,0,0,0,0,0,0,8.00917
HG03922,0,0,0,1.78141,0,0,8.77048
HG03925,0,0,0,0,0,0,19.5137
HG03926,0,0,0,1.78141,0,0,13.3643
HG03927,0,0,0,0,0,0,7.20034
HG03928,0,0,0,0,0,0,12.603
HG03929,0,0,0,0,0,0,8.00917
HG03930,0,0,0,0,0,0,12.603
HG03931,0,0,0,0,0,0,8.00917
HG03934,0,0,0,0,0,0,12.603
HG03937,0,0,0,0,0,0,8.00917
HG03940,0,0,0,0,0,0,6.86062
HG03941,0,0,0,0,0,0,13.7212
HG03942,0,0,0,0,0,0,13.7212
HG03943,0,0,0,0,0,0,8.00917
HG03944,0,0,0,0,0,0,16.0684
HG03945,0,0,0,0,0,0,12.603
HG03947,0,0,0,0,0,0,12.603
HG03949,0,0,0,0,0,0,8.00917
HG03950,0,0,0,1.78141,0,0,15.6311
HG03951,0,0,0,0,0,0,23.5085
HG03953,0,0,0,0,0,0,6.86062
HG03955,0,0,0,0,0,0,10.8652
HG03960,0,0,0,1.78141,0,0,38.148
HG03963,0,0,0,0,0,0,8.00917
HG03965,0,0,0,1.78141,0,0,20.8343
HG03967,0,0,0,1.78141,0,0,15.3816
HG03968,0,0,0,0,0,0,8.00917
HG03969,0,0,0,0,0,0,10.8652
HG03971,0,0,0,1.78141,0,0,12.7751
HG03973,0,0,0,0,0,0,9.46711
HG03974,0,0,0,0,0,0,8.00917
HG03976,0,0,0,1.78141,0,0,28.2842
HG03977,0,0,0,0,0,0,15.459
HG03978,0,0,0,0,0,0,4.00458
HG03985,0,0,0,0,0,0,8.00917
HG03986,0,0,0,0,0,0,13.4717
HG03989,0,0,0,0,0,0,8.00917
HG03990,0,0,0,0,0,0,25.0399
HG03991,0,0,0,0,0,0,16.691
HG03992,0,0,0,0,0,0,13.4619
HG03995,0,0,0,0,0,0,13.4619
HG03998,0,0,0,0,0,0,4.00458
HG03999,0,0,0,1.78141,0,0,17.3689
HG04001,0,0,0,0,0,0,11.4545
HG04002,0,0,0,1.78141,0,0,22.6055
HG04003,0,0,0,0,0,0,10.8652
HG04006,0,0,0,0,0,0,25.0399
HG04014,0,0,0,0,0,0,20.6956
HG04015,0,0,0,0,0,0,8.00917
HG04017,0,0,0,0,0,0,27.0273
HG04018,0,0,0,0,0,0,10.6157
HG04019,0,0,0,1.78141,0,0,12.7751
HG04020,0,0,0,0,0,0,10.6157
HG04022,0,0,0,0,0,0,12.603
HG04023,0,0,0,0,0,0,12.603
HG04025,0,0,0,0,0,0,15.2095
HG04026,0,0,0,0,0,0,12.603
HG04029,0,0,0,0,0,0,15.459
HG04033,0,0,0,0,0,0,16.318
HG04035,0,0,0,0,0,0,10.6157
HG04036,0,0,0,0,0,0,16.0684
HG04038,0,0,0,0,0,0,20.672
HG04039,0,0,0,0,0,0,9.45733
HG04042,0,0,0,1.78141,0,0,18.8269
HG04047,0,0,0,0,0,0,10.6157
HG04054,0,0,0,0,0,0,12.603
HG04056,0,0,0,0,0,0,8.00917
HG04059,0,0,0,0,0,0,6.61107
HG04060,0,0,0,0,0,0,12.603
HG04061,0,0,0,0,0,0,7.44988
HG04062,0,0,0,1.78141,0,0,15.6311
HG04063,0,0,0,0,0,0,8.00917
HG04070,0,0,0,0,0,0,10.8652
HG04075,0,0,0,0,0,0,8.00917
HG04076,0,0,0,1.78141,0,0,12.7751
HG04080,0,0,0,0,0,0,12.603
HG04090,0,0,0,0,0,0,10.8652
HG04093,0,0,0,0,0,0,10.8652
HG04094,0,0,0,0,0,0,10.8652
HG04096,0,0,0,0,0,0,9.45733
HG04098,0,0,0,0,0,0,6.86062
HG04099,0,0,0,0,0,0,8.00917
HG04100,0,0,0,0,0,0,10.8652
HG04106,0,0,0,0,0,0,21.2849
HG04107,0,0,0,0,0,0,15.459
HG04115,0,0,0,0,0,0,12.603
HG04118,0,0,0,1.78141,0,0,8.77048
HG04122,0,0,0,1.78141,0,0,15.6311
HG04127,0,0,0,1.78141,0,0,14.4826
HG04131,0,0,0,1.78141,0,0,21.4236
HG04132,0,0,0,1.78141,0,0,23.6806
HG04133,0,0,0,1.78141,0,0,22.2825
HG04134,0,0,0,1.78141,0,0,8.77048
HG04135,0,0,0,0,0,0,9.46711
HG04136,0,0,0,1.78141,0,0,11.6265
HG04140,0,0,0,0,0,0,8.00917
HG04141,0,0,0,0,0,0,13.4619
HG04142,0,0,0,0,0,0,8.00917
HG04144,0,0,0,0,0,0,4.00458
HG04146,0,0,0,0,0,0,10.8652
HG04147,0,0,0,1.78141,0,0,29.1431
HG04148,0,0,0,0,0,0,21.7805
HG04149,0,0,0,1.78141,0,0,15.6311
HG04150,0,0,0,0,0,0,4.00458
HG04151,0,0,0,1.78141,0,0,8.77048
HG04152,0,0,0,1.78141,0,0,17.0793
HG04153,0,0,0,0,0,0,15.2095
HG04155,0,0,0,0,0,0,18.9147
HG04156,0,0,0,0,0,0,8.00917
HG04157,0,0,0,0,0,0,13.4619
HG04158,0,0,0,0,0,0,4.00458
HG04159,0,0,0,1.78141,0,0,17.3689
HG04160,0,0,0,0,0,0,12.603
HG04161,0,0,0,0,0,0,10.6157
HG04162,0,0,0,0,0,0,15.459
HG04164,0,0,0,0,0,0,8.00917
HG04171,0,0,0,0,0,0,16.9072
HG04173,0,0,0,0,0,0,12.603
HG04174,0,0,0,1.78141,0,0,15.6311
HG04175,0,0,0,0,0,0,8.00917
HG04176,0,0,0,0,0,0,18.9244
HG04177,0,0,0,0,0,0,10.8652
HG04180,0,0,0,0,0,0,8.00917
HG04182,0,0,0,0,0,0,12.3134
HG04183,0,0,0,0,0,0,9.71666
HG04184,0,0,0,0,0,0,19.174
HG04185,0,0,0,0,0,0,8.00917
HG04186,0,0,0,0,0,0,35.1199
HG04187,0,0,0,0,0,0,17.8396
HG04188,0,0,0,0,0,0,11.4545
HG04189,0,0,0,0,0,0,10.6157
HG04191,0,0,0,0,0,0,6.61107
HG04192,0,0,0,1.78141,0,0,9.35974
HG04193,0,0,0,0,0,0,6.61107
HG04194,0,0,0,0,0,0,10.8652
HG04195,0,0,0,0,0,0,6.61107
HG04198,0,0,0,0,0,0,6.86062
HG04199,0,0,0,0,0,0,10.8652
HG04200,0,0,0,0,0,0,16.318
HG04202,0,0,0,0,0,0,15.2095
HG04204,0,0,0,0,0,0,18.0655
HG04206,0,0,0,0,0,0,6.86062
HG04209,0,0,0,0,0,0,10.6157
HG04210,0,0,0,0,0,0,16.3277
HG04211,0,0,0,0,0,0,13.7212
HG04212,0,0,0,0,0,0,13.2221
HG04214,0,0,0,0,0,0,8.00917
HG04215,0,0,0,0,0,0,18.0655
HG04216,0,0,0,0,0,0,10.8652
HG04217,0,0,0,0,0,0,16.318
HG04219,0,0,0,0,0,0,8.00917
HG04222,0,0,0,0,0,0,12.603
HG04225,0,0,0,0,0,0,12.3231
HG04227,0,0,0,0,0,0,8.00917
HG04228,0,0,0,0,0,0,8.00917
HG04229,0,0,0,0,0,0,10.8652
HG04235,0,0,0,0,0,0,20.6956
HG04238,0,0,0,0,0,0,10.8652
HG04239,0,0,0,0,0,0,13.4619
NA06984,0,0,0,1.78141,0,0,19.9353
NA06985,0,0,0,1.78141,0,0,28.3175
NA06986,0,0,0,3.56282,0,0,20.397
NA06989,0,0,0,1.78141,0,0,18.2376
NA06991,0,0,0,0,0,0,26.1484
NA06993,0,0,0,1.78141,0,0,30.9143
NA06994,0,0,0,1.78141,0,0,28.3175
NA06995,0,0,0,0,0,0,10.8652
NA06997,0,0,0,3.56282,0,0,21.8549
NA07000,0,0,0,1.78141,0,0,15.3816
NA07014,0,0,0,1.78141,0,0,22.6055
NA07019,0,0,0,0,0,0,27.3568
NA07022,0,0,0,0,0,0,10.9153
NA07029,0,0,0,1.78141,0,0,15.6311
NA07031,0,0,0,1.78141,0,0,21.0839
NA07034,0,0,0,3.56282,0,0,16.3924
NA07037,0,0,0,0,0,0,26.1484
NA07045,0,0,0,1.78141,0,0,19.6955
NA07048,0,0,0,3.56282,0,0,27.3714
NA07051,0,0,0,1.78141,0,0,27.1993
NA07055,0,0,0,1.78141,0,0,21.4569
NA07056,0,0,0,0,0,0,38.5853
NA07345,0,0,0,0,0,0,6.61107
NA07346,0,0,0,0,0,0,22.1438
NA07347,0,0,0,0,0,0,16.318
NA07348,0,0,0,0,0,0,10.6157
NA07349,0,0,0,0,0,0,24.7405
NA07357,0,0,0,0,0,0,11.2049
NA07435,0,0,0,1.78141,0,0,23.9399
NA10830,0,0,0,1.78141,0,0,15.6311
NA10831,0,0,0,1.78141,0,0,18.2376
NA10835,0,0,0,0,0,0,35.7292
NA10836,0,0,0,0,0,0,12.3231
NA10837,0,0,0,0,0,0,9.45733
NA10838,0,0,0,0,0,0,8.00917
NA10839,0,0,0,0,0,0,23.5516
NA10840,0,0,0,1.78141,0,0,25.212
NA10842,0,0,0,1.78141,0,0,26.2968
NA10843,0,0,0,1.78141,0,0,40.7447
NA10845,0,0,0,1.78141,0,0,18.2376
NA10846,0,0,0,1.78141,0,0,18.2278
NA10847,0,0,0,0,0,0,24.7503
NA10851,0,0,0,0,0,0,13.7212
NA10852,0,0,0,0,0,0,17.8396
NA10854,0,0,0,0,0,0,16.0684
NA10855,0,0,0,0,0,0,17.8396
NA10856,0,0,0,0,0,0,20.6956
NA10857,0,0,0,0,0,0,20.6956
NA10859,0,0,0,1.78141,0,0,12.7751
NA10860,0,0,0,1.78141,0,0,29.5162
NA10861,0,0,0,3.56282,0,0,16.3924
NA10863,0,0,0,1.78141,0,0,21.4569
NA10864,0,0,0,1.78141,0,0,22.8217
NA10865,0,0,0,3.56282,0,0,19.2485
NA11829,0,0,0,1.78141,0,0,23.9399
NA11830,0,0,0,0,0,0,27.67
NA11831,0,0,0,0,0,0,10.8652
NA11832,0,0,0,0,0,0,23.2923
NA11839,0,0,0,0,0,0,8.00917
NA11840,0,0,0,0,0,0,28.7215
NA11843,0,0,0,0,0,0,18.9244
NA11881,0,0,0,0,0,0,20.6956
NA11882,0,0,0,3.56282,0,0,26.2228
NA11891,0,0,0,1.78141,0,0,11.6265
NA11892,0,0,0,1.78141,0,0,23.9399
NA11893,0,0,0,3.56282,0,0,25.8498
NA11894,0,0,0,1.78141,0,0,17.3689
NA11917,0,0,0,1.78141,0,0,23.6903
NA11918,0,0,0,1.78141,0,0,25.212
NA11919,0,0,0,1.78141,0,0,36.3768
NA11920,0,0,0,0,0,0,29.1279
NA11930,0,0,0,0,0,0,13.7212
NA11931,0,0,0,1.78141,0,0,25.212
NA11932,0,0,0,0,0,0,22.36
NA11933,0,0,0,0,0,0,0
NA11992,0,0,0,1.78141,0,0,25.5116
NA11993,0,0,0,3.56282,0,0,23.0035
NA11994,0,0,0,3.56282,0,0,19.2485
NA11995,0,0,0,3.56282,0,0,21.5956
NA12003,0,0,0,1.78141,0,0,20.2249
NA12004,0,0,0,0,0,0,12.3134
NA12005,0,0,0,1.78141,0,0,18.4871
NA12006,0,0,0,1.78141,0,0,38.148
NA12043,0,0,0,0,0,0,17.8396
NA12044,0,0,0,0,0,0,23.5516
NA12045,0,0,0,0,0,0,17.8396
NA12046,0,0,0,1.78141,0,0,32.4359
NA12056,0,0,0,1.78141,0,0,25.4615
NA12057,0,0,0,0,0,0,10.8652
NA12058,0,0,0,0,0,0,19.5471
NA12144,0,0,0,1.78141,0,0,14.2232
NA12145,0,0,0,3.56282,0,0,13.5364
NA12146,0,0,0,0,0,0,5.45275
NA12154,0,0,0,1.78141,0,0,23.9399
NA12155,0,0,0,1.78141,0,0,23.7001
NA12156,0,0,0,0,0,0,6.86062
NA12234,0,0,0,1.78141,0,0,28.3175
NA12236,0,0,0,1.78141,0,0,8.77048
NA12239,0,0,0,0,0,0,31.6109
NA12248,0,0,0,1.78141,0,0,33.5208
NA12249,0,0,0,0,0,0,13.835
NA12264,0,0,0,1.78141,0,0,8.77048
NA12272,0,0,0,0,0,0,4.00458
NA12273,0,0,0,0,0,0,13.4619
NA12274,0,0,0,0,0,0,16.3277
NA12275,0,0,0,0,0,0,11.1648
NA12282,0,0,0,3.56282,0,0,26.2228
NA12283,0,0,0,0,0,0,23.5516
NA12286,0,0,0,1.78141,0,0,37.8984
NA12287,0,0,0,1.78141,0,0,30.6647
NA12329,0,0,0,0,0,0,12.3231
NA12335,0,0,0,1.78141,0,0,10.2187
NA12336,0,0,0,0,0,0,16.3277
NA12340,0,0,0,1.78141,0,0,16.8297
NA12341,0,0,0,0,0,0,12.3134
NA12342,0,0,0,0,0,0,13.4717
NA12343,0,0,0,0,0,0,13.7212
NA12344,0,0,0,1.78141,0,0,22.6055
NA12347,0,0,0,0,0,0,27.67
NA12348,0,0,0,1.78141,0,0,12.7751
NA12376,0,0,0,1.78141,0,0,14.5963
NA12383,0,0,0,0,0,0,24.3772
NA12386,0,0,0,1.78141,0,0,20.8343
NA12399,0,0,0,0,0,0,10.8652
NA12400,0,0,0,1.78141,0,0,28.8936
NA12413,0,0,0,1.78141,0,0,19.9353
NA12414,0,0,0,3.56282,0,0,16.3924
NA12485,0,0,0,1.78141,0,0,21.0839
NA12489,0,0,0,3.56282,0,0,34.2821
NA12546,0,0,0,0,0,0,9.46711
NA12707,0,0,0,1.78141,0,0,24.0634
NA12716,0,0,0,0,0,0,10.8652
NA12717,0,0,0,1.78141,0,0,26.9195
NA12718,0,0,0,1.78141,0,0,19.0764
NA12739,0,0,0,1.78141,0,0,41.3339
NA12740,0,0,0,0,0,0,22.1438
NA12748,0,0,0,0,0,0,38.8348
NA12749,0,0,0,3.56282,0,0,37.791
NA12750,0,0,0,1.78141,0,0,39.5961
NA12751,0,0,0,0,0,0,13.4717
NA12752,0,0,0,1.78141,0,0,21.4569
NA12753,0,0,0,0,0,0,6.86062
NA12760,0,0,0,1.78141,0,0,33.7703
NA12761,0,0,0,0,0,0,9.45733
NA12762,0,0,0,0,0,0,6.61107
NA12763,0,0,0,1.78141,0,0,15.6311
NA12766,0,0,0,1.78141,0,0,29.3926
NA12767,0,0,0,1.78141,0,0,40.7447
NA12775,0,0,0,1.78141,0,0,26.5366
NA12776,0,0,0,0,0,0,24.6267
NA12777,0,0,0,1.78141,0,0,25.4615
NA12778,0,0,0,1.78141,0,0,33.7703
NA12801,0,0,0,0,0,0,17.8396
NA12802,0,0,0,1.78141,0,0,19.6858
NA12812,0,0,0,0,0,0,17.8396
NA12813,0,0,0,0,0,0,10.8652
NA12814,0,0,0,3.56282,0,0,25.6002
NA12815,0,0,0,1.78141,0,0,10.2284
NA12817,0,0,0,1.78141,0,0,21.0839
NA12818,0,0,0,1.78141,0,0,11.377
NA12827,0,0,0,0,0,0,19.174
NA12828,0,0,0,1.78141,0,0,21.0839
NA12829,0,0,0,1.78141,0,0,11.377
NA12830,0,0,0,1.78141,0,0,26.6601
NA12832,0,0,0,1.78141,0,0,12.8251
NA12842,0,0,0,0,0,0,8.05924
NA12843,0,0,0,3.56282,0,0,12.3878
NA12864,0,0,0,3.56282,0,0,20.397
NA12865,0,0,0,0,0,0,23.3021
NA12872,0,0,0,3.56282,0,0,23.253
NA12873,0,0,0,1.78141,0,0,12.7751
NA12874,0,0,0,0,0,0,18.3151
NA12875,0,0,0,0,0,0,23.3021
NA12877,0,0,0,0,0,0,33.3821
NA12878,0,0,0,1.78141,0,0,38.3641
NA12889,0,0,0,0,0,0,21.2849
NA12890,0,0,0,0,0,0,37.9759
NA12891,0,0,0,1.78141,0,0,21.0839
NA12892,0,0,0,1.78141,0,0,31.5035
NA18484,0,0,0,0,0,0,6.86062
NA18485,0,0,0,0,0,0,10.6157
NA18486,0,0,0,0,0,0,6.86062
NA18487,0,0,0,0,0,0,6.61107
NA18488,0,0,0,0,0,0,8.00917
NA18489,0,0,0,0,0,0,10.6157
NA18497,0,0,0,0,0,0,10.6157
NA18498,0,0,0,0,0,0,10.8652
NA18499,0,0,0,0,0,0,10.6157
NA18500,0,0,0,0,0,0,10.6157
NA18501,0,0,0,0,0,0,6.61107
NA18502,0,0,0,0,0,0,8.00917
NA18503,0,0,0,0,0,0,11.2049
NA18504,0,0,0,0,0,0,4.00458
NA18505,0,0,0,0,0,0,15.2095
NA18506,0,0,0,0,0,0,13.4619
NA18507,0,0,0,0,0,0,8.00917
NA18508,0,0,0,0,0,0,13.4619
NA18510,0,0,0,0,0,0,10.8652
NA18511,0,0,0,0,0,0,9.46711
NA18515,0,0,0,0,0,0,10.6157
NA18516,0,0,0,0,0,0,8.00917
NA18517,0,0,0,0,0,0,10.6157
NA18518,0,0,0,0,0,0,8.00917
NA18519,0,0,0,0,0,0,10.8652
NA18520,0,0,0,1.78141,0,0,12.7751
NA18521,0,0,0,0,0,0,8.00917
NA18522,0,0,0,0,0,0,8.00917
NA18523,0,0,0,0,0,0,6.86062
NA18525,0,0,0,0,0,0,12.0638
NA18526,0,0,0,0,0,0,13.4717
NA18528,0,0,0,0,0,0,12.3134
NA18530,0,0,0,0,0,0,23.2923
NA18531,0,0,0,0,0,0,14.9101
NA18532,0,0,0,0,0,0,12.3231
NA18533,0,0,0,0,0,0,16.0684
NA18534,0,0,0,0,0,0,16.691
NA18535,0,0,0,0,0,0,16.318
NA18536,0,0,0,0,0,0,6.86062
NA18537,0,0,0,0,0,0,13.4619
NA18538,0,0,0,0,0,0,13.4717
NA18539,0,0,0,0,0,0,4.00458
NA18541,0,0,0,0,0,0,18.9244
NA18542,0,0,0,0,0,0,10.6157
NA18543,0,0,0,0,0,0,28.7549
NA18544,0,0,0,0,0,0,26.1248
NA18545,0,0,0,0,0,0,13.7212
NA18546,0,0,0,0,0,0,18.9147
NA18547,0,0,0,0,0,0,16.318
NA18548,0,0,0,0,0,0,24.3772
NA18549,0,0,0,0,0,0,10.8652
NA18550,0,0,0,0,0,0,10.6157
NA18552,0,0,0,0,0,0,24.3772
NA18553,0,0,0,0,0,0,27.6063
NA18555,0,0,0,0,0,0,15.2095
NA18557,0,0,0,0,0,0,21.7805
NA18558,0,0,0,0,0,0,17.7661
NA18559,0,0,0,0,0,0,19.174
NA18560,0,0,0,0,0,0,18.6749
NA18561,0,0,0,0,0,0,4.00458
NA18562,0,0,0,0,0,0,8.00917
NA18563,0,0,0,0,0,0,22.4098
NA18564,0,0,0,0,0,0,16.318
NA18565,0,0,0,0,0,0,6.61107
NA18566,0,0,0,0,0,0,15.2095
NA18567,0,0,0,0,0,0,29.0044
NA18570,0,0,0,0,0,0,10.8652
NA18571,0,0,0,0,0,0,8.00917
NA18572,0,0,0,0,0,0,16.318
NA18573,0,0,0,0,0,0,21.7707
NA18574,0,0,0,0,0,0,16.3277
NA18577,0,0,0,0,0,0,16.0684
NA18579,0,0,0,0,0,0,26.1248
NA18582,0,0,0,0,0,0,13.7212
NA18591,0,0,0,0,0,0,9.45733
NA18592,0,0,0,0,0,0,14.9296
NA18593,0,0,0,0,0,0,13.7212
NA18595,0,0,0,0,0,0,18.9342
NA18596,0,0,0,0,0,0,9.45733
NA18597,0,0,0,0,0,0,21.7707
NA18599,0,0,0,0,0,0,8.00917
NA18602,0,0,0,0,0,0,6.61107
NA18603,0,0,0,0,0,0,10.8652
NA18605,0,0,0,0,0,0,13.4619
NA18606,0,0,0,0,0,0,10.6157
NA18608,0,0,0,0,0,0,10.6157
NA18609,0,0,0,0,0,0,27.347
NA18610,0,0,0,0,0,0,18.9147
NA18611,0,0,0,0,0,0,26.9837
NA18612,0,0,0,0,0,0,13.4717
NA18613,0,0,0,1.78141,0,0,26.2871
NA18614,0,0,0,0,0,0,19.174
NA18615,0,0,0,0,0,0,13.4717
NA18616,0,0,0,0,0,0,12.603
NA18617,0,0,0,0,0,0,13.4619
NA18618,0,0,0,0,0,0,18.9342
NA18619,0,0,0,0,0,0,21.5212
NA18620,0,0,0,0,0,0,16.0684
NA18621,0,0,0,0,0,0,8.00917
NA18622,0,0,0,0,0,0,10.8652
NA18623,0,0,0,0,0,0,24.3772
NA18624,0,0,0,0,0,0,16.0684
NA18625,0,0,0,0,0,0,19.174
NA18626,0,0,0,0,0,0,31.6011
NA18627,0,0,0,0,0,0,18.9342
NA18628,0,0,0,0,0,0,10.6157
NA18629,0,0,0,0,0,0,9.46711
NA18630,0,0,0,0,0,0,24.387
NA18631,0,0,0,0,0,0,24.3772
NA18632,0,0,0,0,0,0,13.4619
NA18633,0,0,0,0,0,0,10.8652
NA18634,0,0,0,0,0,0,14.9199
NA18635,0,0,0,0,0,0,9.45733
NA18636,0,0,0,0,0,0,13.4619
NA18637,0,0,0,0,0,0,21.7805
NA18638,0,0,0,0,0,0,13.4717
NA18639,0,0,0,0,0,0,10.8652
NA18640,0,0,0,0,0,0,24.6267
NA18641,0,0,0,0,0,0,6.61107
NA18642,0,0,0,0,0,0,10.8652
NA18643,0,0,0,0,0,0,19.5137
NA18644,0,0,0,0,0,0,20.9118
NA18645,0,0,0,0,0,0,12.3134
NA18646,0,0,0,0,0,0,13.4619
NA18647,0,0,0,0,0,0,28.7549
NA18648,0,0,0,0,0,0,4.00458
NA18740,0,0,0,0,0,0,13.2221
NA18745,0,0,0,0,0,0,18.9342
NA18747,0,0,0,0,0,0,10.8652
NA18748,0,0,0,0,0,0,16.318
NA18749,0,0,0,0,0,0,16.318
NA18757,0,0,0,0,0,0,14.9101
NA18852,0,0,0,1.78141,0,0,12.7751
NA18853,0,0,0,0,0,0,0
NA18854,0,0,0,0,0,0,4.00458
NA18855,0,0,0,0,0,0,8.59843
NA18856,0,0,0,0,0,0,8.00917
NA18857,0,0,0,0,0,0,8.59843
NA18858,0,0,0,0,0,0,4.00458
NA18859,0,0,0,0,0,0,4.00458
NA18860,0,0,0,0,0,0,4.00458
NA18861,0,0,0,1.78141,0,0,12.7751
NA18862,0,0,0,0,0,0,11.2049
NA18863,0,0,0,0,0,0,10.6157
NA18864,0,0,0,0,0,0,15.459
NA18865,0,0,0,0,0,0,4.00458
NA18867,0,0,0,0,0,0,8.00917
NA18868,0,0,0,0,0,0,8.00917
NA18869,0,0,0,0,0,0,8.00917
NA18870,0,0,0,1.78141,0,0,8.77048
NA18871,0,0,0,0,0,0,8.00917
NA18872,0,0,0,1.78141,0,0,8.77048
NA18873,0,0,0,0,0,0,4.00458
NA18874,0,0,0,0,0,0,10.6157
NA18875,0,0,0,0,0,0,8.00917
NA18876,0,0,0,0,0,0,6.61107
NA18877,0,0,0,0,0,0,4.00458
NA18878,0,0,0,0,0,0,10.6157
NA18879,0,0,0,0,0,0,4.00458
NA18881,0,0,0,0,0,0,9.46711
NA18906,0,0,0,0,0,0,4.00458
NA18907,0,0,0,0,0,0,13.2221
NA18908,0,0,0,0,0,0,8.00917
NA18909,0,0,0,0,0,0,0
NA18910,0,0,0,0,0,0,8.00917
NA18911,0,0,0,0,0,0,4.00458
NA18912,0,0,0,0,0,0,17.816
NA18913,0,0,0,0,0,0,12.603
NA18914,0,0,0,0,0,0,15.2095
NA18915,0,0,0,0,0,0,6.86062
NA18916,0,0,0,0,0,0,4.00458
NA18917,0,0,0,0,0,0,6.61107
NA18923,0,0,0,0,0,0,10.6157
NA18924,0,0,0,0,0,0,10.8652
NA18925,0,0,0,0,0,0,8.00917
NA18930,0,0,0,0,0,0,4.00458
NA18933,0,0,0,0,0,0,10.6157
NA18934,0,0,0,0,0,0,8.00917
NA18935,0,0,0,0,0,0,8.00917
NA18939,0,0,0,0,0,0,9.45733
NA18940,0,0,0,0,0,0,28.7549
NA18941,0,0,0,0,0,0,10.6157
NA18942,0,0,0,0,0,0,13.4619
NA18943,0,0,0,0,0,0,23.2923
NA18944,0,0,0,0,0,0,10.8652
NA18945,0,0,0,0,0,0,13.4619
NA18946,0,0,0,0,0,0,4.00458
NA18947,0,0,0,0,0,0,18.9244
NA18948,0,0,0,0,0,0,13.7212
NA18949,0,0,0,0,0,0,16.318
NA18950,0,0,0,0,0,0,14.6703
NA18951,0,0,0,0,0,0,20.3824
NA18952,0,0,0,0,0,0,13.4619
NA18953,0,0,0,0,0,0,13.4717
NA18954,0,0,0,0,0,0,13.4619
NA18956,0,0,0,0,0,0,13.7212
NA18957,0,0,0,0,0,0,16.318
NA18959,0,0,0,0,0,0,14.9199
NA18960,0,0,0,0,0,0,12.0638
NA18961,0,0,0,0,0,0,13.4619
NA18962,0,0,0,0,0,0,16.318
NA18963,0,0,0,0,0,0,16.318
NA18964,0,0,0,0,0,0,16.318
NA18965,0,0,0,0,0,0,16.318
NA18966,0,0,0,0,0,0,18.6749
NA18967,0,0,0,0,0,0,13.4619
NA18968,0,0,0,0,0,0,16.0684
NA18969,0,0,0,0,0,0,26.1484
NA18970,0,0,0,0,0,0,24.3772
NA18971,0,0,0,0,0,0,15.1694
NA18972,0,0,0,0,0,0,8.00917
NA18973,0,0,0,0,0,0,10.8652
NA18974,0,0,0,0,0,0,28.5053
NA18975,0,0,0,0,0,0,24.3772
NA18976,0,0,0,0,0,0,6.61107
NA18977,0,0,0,0,0,0,16.318
NA18978,0,0,0,0,0,0,18.9147
NA18979,0,0,0,0,0,0,10.8652
NA18980,0,0,0,0,0,0,16.0684
NA18981,0,0,0,0,0,0,12.3134
NA18982,0,0,0,0,0,0,18.9244
NA18983,0,0,0,0,0,0,25.8988
NA18984,0,0,0,0,0,0,13.4619
NA18985,0,0,0,0,0,0,20.9118
NA18986,0,0,0,0,0,0,12.3231
NA18987,0,0,0,0,0,0,13.4717
NA18988,0,0,0,0,0,0,13.835
NA18989,0,0,0,0,0,0,20.3726
NA18990,0,0,0,0,0,0,13.7713
NA18991,0,0,0,0,0,0,21.7707
NA18992,0,0,0,0,0,0,19.174
NA18993,0,0,0,0,0,0,13.4717
NA18994,0,0,0,0,0,0,13.4619
NA18995,0,0,0,0,0,0,10.8652
NA18997,0,0,0,0,0,0,16.3277
NA18998,0,0,0,0,0,0,16.318
NA18999,0,0,0,0,0,0,10.6157
NA19000,0,0,0,0,0,0,21.5212
NA19001,0,0,0,0,0,0,13.4619
NA19002,0,0,0,0,0,0,10.6157
NA19003,0,0,0,0,0,0,12.0638
NA19004,0,0,0,0,0,0,6.86062
NA19005,0,0,0,0,0,0,10.8652
NA19006,0,0,0,0,0,0,9.71666
NA19007,0,0,0,0,0,0,13.4619
NA19009,0,0,0,0,0,0,16.0684
NA19010,0,0,0,0,0,0,8.05924
NA19011,0,0,0,0,0,0,18.9244
NA19012,0,0,0,0,0,0,18.9244
NA19017,0,0,0,0,0,0,8.00917
NA19019,0,0,0,0,0,0,4.00458
NA19020,0,0,0,0,0,0,8.00917
NA19023,0,0,0,0,0,0,4.00458
NA19024,0,0,0,0,0,0,8.00917
NA19025,0,0,0,0,0,0,10.6157
NA19026,0,0,0,0,0,0,4.00458
NA19027,0,0,0,0,0,0,10.6157
NA19028,0,0,0,0,0,0,4.00458
NA19030,0,0,0,0,0,0,12.603
NA19031,0,0,0,0,0,0,8.00917
NA19035,0,0,0,0,0,0,13.835
NA19036,0,0,0,1.78141,0,0,17.3689
NA19037,0,0,0,0,0,0,10.8652
NA19038,0,0,0,0,0,0,4.00458
NA19041,0,0,0,0,0,0,12.603
NA19042,0,0,0,0,0,0,10.6157
NA19043,0,0,0,0,0,0,6.61107
NA19054,0,0,0,0,0,0,10.8652
NA19055,0,0,0,0,0,0,9.45733
NA19056,0,0,0,0,0,0,8.00917
NA19057,0,0,0,0,0,0,16.0684
NA19058,0,0,0,0,0,0,18.9147
NA19059,0,0,0,0,0,0,10.8652
NA19060,0,0,0,0,0,0,9.45733
NA19062,0,0,0,0,0,0,9.71666
NA19063,0,0,0,0,0,0,10.6157
NA19064,0,0,0,0,0,0,16.318
NA19065,0,0,0,0,0,0,12.0638
NA19066,0,0,0,0,0,0,16.318
NA19067,0,0,0,0,0,0,13.4619
NA19068,0,0,0,0,0,0,16.318
NA19070,0,0,0,0,0,0,18.9147
NA19072,0,0,0,0,0,0,10.8652
NA19074,0,0,0,0,0,0,13.4619
NA19075,0,0,0,0,0,0,24.6267
NA19076,0,0,0,0,0,0,16.318
NA19077,0,0,0,0,0,0,13.4619
NA19078,0,0,0,0,0,0,6.86062
NA19079,0,0,0,0,0,0,2.85604
NA19080,0,0,0,0,0,0,19.174
NA19081,0,0,0,0,0,0,27.2332
NA19082,0,0,0,0,0,0,12.3134
NA19083,0,0,0,0,0,0,18.9147
NA19084,0,0,0,0,0,0,10.8652
NA19085,0,0,0,1.78141,0,0,26.5366
NA19086,0,0,0,0,0,0,8.00917
NA19087,0,0,0,0,0,0,8.00917
NA19088,0,0,0,0,0,0,6.86062
NA19089,0,0,0,0,0,0,13.4619
NA19090,0,0,0,0,0,0,18.9147
NA19091,0,0,0,0,0,0,13.4717
NA19092,0,0,0,0,0,0,8.00917
NA19093,0,0,0,0,0,0,2.60649
NA19094,0,0,0,0,0,0,4.00458
NA19095,0,0,0,0,0,0,4.00458
NA19096,0,0,0,0,0,0,13.4717
NA19097,0,0,0,0,0,0,8.00917
NA19098,0,0,0,0,0,0,8.00917
NA19099,0,0,0,0,0,0,10.6157
NA19100,0,0,0,0,0,0,8.00917
NA19101,0,0,0,0,0,0,8.00917
NA19102,0,0,0,1.78141,0,0,8.77048
NA19103,0,0,0,1.78141,0,0,8.77048
NA19107,0,0,0,0,0,0,6.61107
NA19108,0,0,0,0,0,0,0
NA19109,0,0,0,0,0,0,2.60649
NA19113,0,0,0,1.78141,0,0,12.7751
NA19114,0,0,0,0,0,0,6.61107
NA19115,0,0,0,0,0,0,6.61107
NA19116,0,0,0,1.78141,0,0,12.7751
NA19117,0,0,0,0,0,0,2.85604
NA19118,0,0,0,0,0,0,8.00917
NA19119,0,0,0,0,0,0,4.00458
NA19120,0,0,0,1.78141,0,0,12.7751
NA19121,0,0,0,0,0,0,10.6157
NA19122,0,0,0,0,0,0,8.00917
NA19123,0,0,0,0,0,0,8.00917
NA19127,0,0,0,0,0,0,8.00917
NA19128,0,0,0,0,0,0,16.3277
NA19129,0,0,0,0,0,0,13.4717
NA19130,0,0,0,0,0,0,13.4717
NA19131,0,0,0,0,0,0,4.00458
NA19132,0,0,0,0,0,0,8.00917
NA19137,0,0,0,0,0,0,10.6157
NA19138,0,0,0,0,0,0,8.59843
NA19139,0,0,0,0,0,0,10.6157
NA19140,0,0,0,0,0,0,6.61107
NA19141,0,0,0,0,0,0,10.8652
NA19142,0,0,0,0,0,0,10.8652
NA19143,0,0,0,0,0,0,8.59843
NA19144,0,0,0,0,0,0,0
NA19145,0,0,0,0,0,0,4.59384
NA19146,0,0,0,0,0,0,11.2049
NA19147,0,0,0,0,0,0,13.4717
NA19148,0,0,0,0,0,0,13.4717
NA19149,0,0,0,0,0,0,6.86062
NA19150,0,0,0,0,0,0,6.61107
NA19151,0,0,0,0,0,0,9.46711
NA19152,0,0,0,0,0,0,10.8652
NA19153,0,0,0,0,0,0,8.00917
NA19154,0,0,0,0,0,0,10.8652
NA19159,0,0,0,0,0,0,13.4619
NA19160,0,0,0,1.78141,0,0,15.3816
NA19161,0,0,0,0,0,0,16.0684
NA19171,0,0,0,0,0,0,8.00917
NA19172,0,0,0,0,0,0,10.8652
NA19173,0,0,0,0,0,0,8.00917
NA19174,0,0,0,0,0,0,6.86062
NA19175,0,0,0,0,0,0,6.61107
NA19176,0,0,0,0,0,0,10.6157
NA19177,0,0,0,0,0,0,6.61107
NA19184,0,0,0,0,0,0,12.603
NA19185,0,0,0,0,0,0,4.00458
NA19186,0,0,0,0,0,0,8.59843
NA19189,0,0,0,0,0,0,8.00917
NA19190,0,0,0,0,0,0,8.00917
NA19191,0,0,0,0,0,0,8.00917
NA19197,0,0,0,0,0,0,8.00917
NA19198,0,0,0,0,0,0,8.00917
NA19199,0,0,0,0,0,0,8.00917
NA19200,0,0,0,0,0,0,4.00458
NA19201,0,0,0,0,0,0,4.00458
NA19202,0,0,0,0,0,0,4.00458
NA19203,0,0,0,0,0,0,8.00917
NA19204,0,0,0,0,0,0,8.00917
NA19205,0,0,0,0,0,0,8.00917
NA19206,0,0,0,0,0,0,16.0782
NA19207,0,0,0,0,0,0,9.71666
NA19208,0,0,0,0,0,0,9.46711
NA19209,0,0,0,0,0,0,4.00458
NA19210,0,0,0,0,0,0,4.00458
NA19211,0,0,0,0,0,0,4.00458
NA19213,0,0,0,0,0,0,13.7212
NA19214,0,0,0,0,0,0,15.459
NA19215,0,0,0,0,0,0,13.7212
NA19221,0,0,0,0,0,0,8.00917
NA19222,0,0,0,0,0,0,8.00917
NA19223,0,0,0,0,0,0,8.00917
NA19224,0,0,0,0,0,0,8.00917
NA19225,0,0,0,0,0,0,13.4717
NA19226,0,0,0,0,0,0,8.00917
NA19235,0,0,0,0,0,0,8.00917
NA19236,0,0,0,0,0,0,8.00917
NA19237,0,0,0,0,0,0,8.00917
NA19238,0,0,0,0,0,0,4.00458
NA19239,0,0,0,0,0,0,12.603
NA19240,0,0,0,0,0,0,8.59843
NA19247,0,0,0,0,0,0,10.8652
NA19248,0,0,0,0,0,0,6.86062
NA19249,0,0,0,0,0,0,6.86062
NA19256,0,0,0,0,0,0,15.459
NA19257,0,0,0,0,0,0,8.00917
NA19258,0,0,0,0,0,0,8.00917
NA19307,0,0,0,0,0,0,4.00458
NA19308,0,0,0,0,0,0,10.8652
NA19309,0,0,0,0,0,0,8.00917
NA19310,0,0,0,0,0,0,8.59843
NA19312,0,0,0,0,0,0,8.00917
NA19314,0,0,0,0,0,0,8.00917
NA19315,0,0,0,0,0,0,8.59843
NA19316,0,0,0,0,0,0,6.61107
NA19317,0,0,0,0,0,0,6.61107
NA19318,0,0,0,0,0,0,4.00458
NA19319,0,0,0,0,0,0,10.8652
NA19320,0,0,0,0,0,0,10.8652
NA19321,0,0,0,0,0,0,8.00917
NA19323,0,0,0,0,0,0,4.00458
NA19324,0,0,0,0,0,0,8.00917
NA19327,0,0,0,0,0,0,8.00917
NA19328,0,0,0,0,0,0,10.8652
NA19331,0,0,0,0,0,0,8.00917
NA19332,0,0,0,0,0,0,8.00917
NA19334,0,0,0,0,0,0,4.00458
NA19338,0,0,0,0,0,0,4.00458
NA19346,0,0,0,0,0,0,0
NA19347,0,0,0,0,0,0,13.2221
NA19350,0,0,0,0,0,0,8.00917
NA19351,0,0,0,0,0,0,8.00917
NA19355,0,0,0,0,0,0,0
NA19360,0,0,0,0,0,0,8.00917
NA19372,0,0,0,0,0,0,9.46711
NA19374,0,0,0,0,0,0,14.061
NA19375,0,0,0,0,0,0,12.603
NA19376,0,0,0,0,0,0,10.6157
NA19377,0,0,0,0,0,0,4.00458
NA19378,0,0,0,0,0,0,8.00917
NA19379,0,0,0,0,0,0,8.00917
NA19380,0,0,0,0,0,0,12.603
NA19383,0,0,0,0,0,0,8.59843
NA19384,0,0,0,0,0,0,4.00458
NA19385,0,0,0,0,0,0,12.603
NA19390,0,0,0,0,0,0,8.00917
NA19391,0,0,0,0,0,0,20.6956
NA19393,0,0,0,0,0,0,10.6157
NA19394,0,0,0,0,0,0,8.00917
NA19395,0,0,0,0,0,0,0
NA19397,0,0,0,0,0,0,8.00917
NA19399,0,0,0,0,0,0,8.00917
NA19401,0,0,0,0,0,0,8.00917
NA19403,0,0,0,0,0,0,10.6157
NA19404,0,0,0,0,0,0,4.00458
NA19428,0,0,0,0,0,0,20.6623
NA19429,0,0,0,0,0,0,12.603
NA19430,0,0,0,0,0,0,8.59843
NA19431,0,0,0,0,0,0,8.00917
NA19434,0,0,0,0,0,0,4.00458
NA19435,0,0,0,0,0,0,8.00917
NA19436,0,0,0,0,0,0,15.459
NA19437,0,0,0,0,0,0,10.6157
NA19438,0,0,0,0,0,0,8.00917
NA19439,0,0,0,0,0,0,10.8652
NA19440,0,0,0,0,0,0,8.00917
NA19443,0,0,0,0,0,0,6.86062
NA19445,0,0,0,0,0,0,8.00917
NA19446,0,0,0,0,0,0,10.6157
NA19448,0,0,0,0,0,0,4.00458
NA19449,0,0,0,0,0,0,10.8652
NA19451,0,0,0,1.78141,0,0,12.7751
NA19452,0,0,0,0,0,0,4.00458
NA19454,0,0,0,0,0,0,10.8652
NA19455,0,0,0,0,0,0,8.00917
NA19456,0,0,0,0,0,0,4.00458
NA19457,0,0,0,0,0,0,8.00917
NA19461,0,0,0,0,0,0,8.00917
NA19462,0,0,0,1.78141,0,0,17.3689
NA19463,0,0,0,0,0,0,4.00458
NA19466,0,0,0,0,0,0,10.8652
NA19467,0,0,0,0,0,0,8.00917
NA19468,0,0,0,0,0,0,8.00917
NA19471,0,0,0,0,0,0,11.4545
NA19472,0,0,0,0,0,0,8.00917
NA19473,0,0,0,0,0,0,10.6157
NA19474,0,0,0,0,0,0,14.0512
NA19475,0,0,0,0,0,0,8.00917
NA19625,0,0,0,0,0,0,8.00917
NA19648,0,0,0,1.78141,0,0,18.2278
NA19649,0,0,0,0,0,0,0
NA19650,0,0,0,0,0,0,9.45733
NA19651,0,0,0,1.78141,0,0,16.8395
NA19652,0,0,0,3.56282,0,0,20.397
NA19653,0,0,0,1.78141,0,0,11.377
NA19654,0,0,0,0,0,0,9.45733
NA19655,0,0,0,3.56282,0,0,25.8498
NA19656,0,0,0,1.78141,0,0,14.2232
NA19657,0,0,0,0,0,0,13.512
NA19658,0,0,0,0,0,0,26.1484
NA19659,0,0,0,0,0,0,21.8942
NA19660,0,0,0,1.78141,0,0,21.0936
NA19661,0,0,0,0,0,0,10.8652
NA19662,0,0,0,1.78141,0,0,21.0936
NA19663,0,0,0,0,0,0,23.2923
NA19664,0,0,0,1.78141,0,0,18.2376
NA19665,0,0,0,1.78141,0,0,22.6055
NA19669,0,0,0,1.78141,0,0,21.0936
NA19670,0,0,0,0,0,0,12.0638
NA19671,0,0,0,0,0,0,9.46711
NA19675,0,0,0,1.78141,0,0,21.2074
NA19676,0,0,0,0,0,0,29.3441
NA19677,0,0,0,1.78141,0,0,19.6858
NA19678,0,0,0,0,0,0,17.8396
NA19679,0,0,0,1.78141,0,0,14.233
NA19680,0,0,0,1.78141,0,0,15.3816
NA19681,0,0,0,0,0,0,15.2832
NA19682,0,0,0,0,0,0,8.30879
NA19683,0,0,0,0,0,0,5.45275
NA19684,0,0,0,1.78141,0,0,10.478
NA19685,0,0,0,1.78141,0,0,21.0936
NA19686,0,0,0,1.78141,0,0,14.4826
NA19700,0,0,0,0,0,0,16.318
NA19701,0,0,0,1.78141,0,0,17.0793
NA19702,0,0,0,0,0,0,8.00917
NA19703,0,0,0,0,0,0,13.2221
NA19704,0,0,0,0,0,0,10.8652
NA19705,0,0,0,0,0,0,13.4717
NA19707,0,0,0,0,0,0,8.00917
NA19711,0,0,0,0,0,0,10.6157
NA19712,0,0,0,0,0,0,13.7212
NA19713,0,0,0,1.78141,0,0,11.6265
NA19716,0,0,0,0,0,0,14.9101
NA19717,0,0,0,0,0,0,18.9244
NA19718,0,0,0,0,0,0,14.9199
NA19719,0,0,0,0,0,0,13.4717
NA19720,0,0,0,0,0,0,6.61107
NA19721,0,0,0,0,0,0,4.00458
NA19722,0,0,0,0,0,0,13.835
NA19723,0,0,0,0,0,0,8.30879
NA19724,0,0,0,0,0,0,18.1392
NA19725,0,0,0,0,0,0,24.7503
NA19726,0,0,0,0,0,0,0
NA19727,0,0,0,0,0,0,12.6864
NA19728,0,0,0,0,0,0,5.45275
NA19729,0,0,0,0,0,0,8.05924
NA19730,0,0,0,0,0,0,8.05924
NA19731,0,0,0,0,0,0,6.61107
NA19732,0,0,0,0,0,0,0
NA19733,0,0,0,0,0,0,4.00458
NA19734,0,0,0,0,0,0,4.00458
NA19735,0,0,0,0,0,0,5.45275
NA19740,0,0,0,0,0,0,18.9244
NA19741,0,0,0,0,0,0,4.00458
NA19746,0,0,0,0,0,0,6.61107
NA19747,0,0,0,0,0,0,4.00458
NA19748,0,0,0,0,0,0,6.61107
NA19749,0,0,0,0,0,0,16.0782
NA19750,0,0,0,1.78141,0,0,23.6903
NA19751,0,0,0,0,0,0,24.387
NA19752,0,0,0,0,0,0,13.4717
NA19755,0,0,0,0,0,0,14.9199
NA19756,0,0,0,1.78141,0,0,25.212
NA19757,0,0,0,1.78141,0,0,30.6647
NA19758,0,0,0,0,0,0,14.9199
NA19759,0,0,0,0,0,0,4.00458
NA19760,0,0,0,0,0,0,10.8652
NA19761,0,0,0,0,0,0,16.318
NA19762,0,0,0,0,0,0,12.0638
NA19763,0,0,0,0,0,0,10.6157
NA19764,0,0,0,0,0,0,27.347
NA19770,0,0,0,1.78141,0,0,12.7751
NA19771,0,0,0,1.78141,0,0,21.0839
NA19772,0,0,0,3.56282,0,0,20.397
NA19773,0,0,0,1.78141,0,0,14.2232
NA19774,0,0,0,0,0,0,16.9072
NA19775,0,0,0,0,0,0,16.318
NA19776,0,0,0,0,0,0,12.0638
NA19777,0,0,0,1.78141,0,0,17.4523
NA19778,0,0,0,1.78141,0,0,21.4569
NA19779,0,0,0,0,0,0,14.0512
NA19780,0,0,0,0,0,0,6.86062
NA19781,0,0,0,0,0,0,12.603
NA19782,0,0,0,0,0,0,12.603
NA19783,0,0,0,0,0,0,26.1484
NA19784,0,0,0,0,0,0,8.00917
NA19785,0,0,0,0,0,0,19.2877
NA19786,0,0,0,0,0,0,13.512
NA19787,0,0,0,0,0,0,21.8942
NA19788,0,0,0,0,0,0,12.0638
NA19789,0,0,0,1.78141,0,0,17.0793
NA19790,0,0,0,0,0,0,20.3726
NA19792,0,0,0,0,0,0,17.5166
NA19794,0,0,0,0,0,0,11.1648
NA19795,0,0,0,1.78141,0,0,21.3835
NA19796,0,0,0,1.78141,0,0,21.3835
NA19818,0,0,0,0,0,0,23.5085
NA19819,0,0,0,0,0,0,8.00917
NA19828,0,0,0,0,0,0,13.4619
NA19834,0,0,0,1.78141,0,0,8.77048
NA19835,0,0,0,0,0,0,17.8396
NA19836,0,0,0,0,0,0,17.8396
NA19900,0,0,0,0,0,0,10.8652
NA19901,0,0,0,0,0,0,10.8652
NA19902,0,0,0,0,0,0,8.00917
NA19904,0,0,0,0,0,0,8.00917
NA19908,0,0,0,0,0,0,12.603
NA19909,0,0,0,0,0,0,13.4619
NA19913,0,0,0,0,0,0,10.6157
NA19914,0,0,0,0,0,0,9.71666
NA19916,0,0,0,0,0,0,13.835
NA19917,0,0,0,0,0,0,10.6157
NA19918,0,0,0,0,0,0,16.4415
NA19919,0,0,0,0,0,0,13.4619
NA19920,0,0,0,0,0,0,17.7661
NA19921,0,0,0,0,0,0,6.61107
NA19922,0,0,0,1.78141,0,0,18.2376
NA19923,0,0,0,0,0,0,21.7805
NA19924,0,0,0,0,0,0,16.3277
NA19982,0,0,0,0,0,0,20.6956
NA19983,0,0,0,1.78141,0,0,15.6311
NA19984,0,0,0,0,0,0,8.00917
NA20126,0,0,0,0,0,0,18.9244
NA20127,0,0,0,1.78141,0,0,18.2376
NA20128,0,0,0,1.78141,0,0,26.5464
NA20129,0,0,0,0,0,0,16.0684
NA20274,0,0,0,0,0,0,4.00458
NA20276,0,0,0,1.78141,0,0,15.6311
NA20278,0,0,0,0,0,0,6.86062
NA20279,0,0,0,0,0,0,14.0512
NA20281,0,0,0,1.78141,0,0,12.7751
NA20282,0,0,0,0,0,0,16.6577
NA20287,0,0,0,0,0,0,4.00458
NA20289,0,0,0,0,0,0,8.00917
NA20291,0,0,0,0,0,0,8.00917
NA20294,0,0,0,0,0,0,19.5137
NA20296,0,0,0,0,0,0,8.00917
NA20298,0,0,0,0,0,0,8.00917
NA20299,0,0,0,0,0,0,9.45733
NA20314,0,0,0,0,0,0,12.3134
NA20317,0,0,0,0,0,0,12.603
NA20318,0,0,0,0,0,0,8.59843
NA20320,0,0,0,0,0,0,8.00917
NA20321,0,0,0,0,0,0,8.00917
NA20332,0,0,0,0,0,0,6.61107
NA20334,0,0,0,1.78141,0,0,11.6265
NA20339,0,0,0,0,0,0,8.59843
NA20340,0,0,0,0,0,0,16.0684
NA20342,0,0,0,1.78141,0,0,12.7751
NA20346,0,0,0,0,0,0,8.00917
NA20348,0,0,0,0,0,0,12.0736
NA20351,0,0,0,1.78141,0,0,8.77048
NA20355,0,0,0,1.78141,0,0,12.7751
NA20356,0,0,0,0,0,0,8.00917
NA20357,0,0,0,0,0,0,8.00917
NA20358,0,0,0,0,0,0,8.00917
NA20359,0,0,0,3.56282,0,0,33.0834
NA20362,0,0,0,1.78141,0,0,18.2376
NA20412,0,0,0,0,0,0,13.2221
NA20502,0,0,0,0,0,0,22.1438
NA20503,0,0,0,0,0,0,25.2895
NA20504,0,0,0,1.78141,0,0,28.0582
NA20505,0,0,0,1.78141,0,0,23.6903
NA20506,0,0,0,3.56282,0,0,20.397
NA20507,0,0,0,1.78141,0,0,18.4871
NA20508,0,0,0,0,0,0,2.85604
NA20509,0,0,0,0,0,0,11.4545
NA20510,0,0,0,0,0,0,26.1484
NA20511,0,0,0,1.78141,0,0,25.4282
NA20512,0,0,0,0,0,0,19.174
NA20513,0,0,0,3.56282,0,0,26.2228
NA20514,0,0,0,0,0,0,12.3134
NA20515,0,0,0,0,0,0,13.4619
NA20516,0,0,0,0,0,0,26.1484
NA20517,0,0,0,1.78141,0,0,15.6311
NA20518,0,0,0,1.78141,0,0,26.9097
NA20519,0,0,0,1.78141,0,0,26.9097
NA20520,0,0,0,1.78141,0,0,28.0582
NA20521,0,0,0,1.78141,0,0,36.367
NA20522,0,0,0,0,0,0,29.0044
NA20524,0,0,0,1.78141,0,0,22.8314
NA20525,0,0,0,1.78141,0,0,31.9991
NA20527,0,0,0,0,0,0,13.7212
NA20528,0,0,0,0,0,0,12.3134
NA20529,0,0,0,1.78141,0,0,30.6647
NA20530,0,0,0,1.78141,0,0,12.7751
NA20531,0,0,0,1.78141,0,0,21.0839
NA20532,0,0,0,0,0,0,16.318
NA20533,0,0,0,0,0,0,26.1484
NA20534,0,0,0,1.78141,0,0,30.0554
NA20535,0,0,0,0,0,0,18.9244
NA20536,0,0,0,0,0,0,11.1648
NA20538,0,0,0,1.78141,0,0,33.5208
NA20539,0,0,0,1.78141,0,0,19.6858
NA20540,0,0,0,1.78141,0,0,17.0793
NA20541,0,0,0,1.78141,0,0,22.8314
NA20542,0,0,0,0,0,0,4.00458
NA20543,0,0,0,0,0,0,9.46711
NA20544,0,0,0,0,0,0,12.3134
NA20581,0,0,0,0,0,0,22.1438
NA20582,0,0,0,1.78141,0,0,21.0936
NA20585,0,0,0,0,0,0,13.4619
NA20586,0,0,0,1.78141,0,0,12.7751
NA20587,0,0,0,1.78141,0,0,12.7751
NA20588,0,0,0,1.78141,0,0,18.2278
NA20589,0,0,0,0,0,0,24.1409
NA20752,0,0,0,0,0,0,20.6956
NA20753,0,0,0,0,0,0,23.2923
NA20754,0,0,0,1.78141,0,0,35.2185
NA20755,0,0,0,0,0,0,10.8652
NA20756,0,0,0,1.78141,0,0,37.8886
NA20757,0,0,0,0,0,0,13.7212
NA20758,0,0,0,1.78141,0,0,19.9754
NA20759,0,0,0,1.78141,0,0,15.6311
NA20760,0,0,0,0,0,0,4.00458
NA20761,0,0,0,0,0,0,36.8141
NA20762,0,0,0,1.78141,0,0,15.3816
NA20763,0,0,0,1.78141,0,0,31.9991
NA20764,0,0,0,1.78141,0,0,21.0839
NA20765,0,0,0,1.78141,0,0,21.0936
NA20766,0,0,0,0,0,0,25.2895
NA20767,0,0,0,1.78141,0,0,25.4615
NA20768,0,0,0,0,0,0,19.7633
NA20769,0,0,0,3.56282,0,0,35.6802
NA20770,0,0,0,1.78141,0,0,21.0839
NA20771,0,0,0,3.56282,0,0,33.2996
NA20772,0,0,0,3.56282,0,0,35.6802
NA20773,0,0,0,1.78141,0,0,28.0582
NA20774,0,0,0,0,0,0,10.8652
NA20775,0,0,0,3.56282,0,0,28.4562
NA20778,0,0,0,1.78141,0,0,15.6311
NA20783,0,0,0,0,0,0,20.6956
NA20785,0,0,0,1.78141,0,0,15.6311
NA20786,0,0,0,0,0,0,20.9118
NA20787,0,0,0,1.78141,0,0,21.0839
NA20790,0,0,0,0,0,0,10.8652
NA20792,0,0,0,1.78141,0,0,21.0839
NA20795,0,0,0,0,0,0,24.9998
NA20796,0,0,0,0,0,0,23.2923
NA20797,0,0,0,1.78141,0,0,15.6311
NA20798,0,0,0,1.78141,0,0,21.0839
NA20799,0,0,0,0,0,0,33.5982
NA20800,0,0,0,0,0,0,16.3277
NA20801,0,0,0,0,0,0,16.0684
NA20802,0,0,0,0,0,0,27.8959
NA20803,0,0,0,3.56282,0,0,28.4562
NA20804,0,0,0,0,0,0,20.6956
NA20805,0,0,0,1.78141,0,0,18.2376
NA20806,0,0,0,0,0,0,12.6864
NA20807,0,0,0,0,0,0,8.00917
NA20808,0,0,0,0,0,0,16.691
NA20809,0,0,0,1.78141,0,0,15.6311
NA20810,0,0,0,0,0,0,13.4619
NA20811,0,0,0,0,0,0,19.174
NA20812,0,0,0,0,0,0,21.7805
NA20813,0,0,0,0,0,0,16.3277
NA20814,0,0,0,0,0,0,4.00458
NA20815,0,0,0,3.56282,0,0,23.0035
NA20818,0,0,0,0,0,0,30.2765
NA20819,0,0,0,0,0,0,8.00917
NA20821,0,0,0,3.56282,0,0,35.4306
NA20822,0,0,0,0,0,0,29.0044
NA20826,0,0,0,0,0,0,23.5183
NA20827,0,0,0,0,0,0,13.4619
NA20828,0,0,0,0,0,0,23.2923
NA20832,0,0,0,1.78141,0,0,15.3816
NA20845,0,0,0,0,0,0,4.00458
NA20846,0,0,0,0,0,0,8.00917
NA20847,0,0,0,0,0,0,6.86062
NA20849,0,0,0,0,0,0,4.00458
NA20850,0,0,0,0,0,0,6.86062
NA20851,0,0,0,0,0,0,22.9089
NA20852,0,0,0,0,0,0,26.1484
NA20853,0,0,0,0,0,0,4.59384
NA20854,0,0,0,1.78141,0,0,20.2249
NA20856,0,0,0,0,0,0,6.86062
NA20858,0,0,0,0,0,0,18.0558
NA20859,0,0,0,0,0,0,22.4334
NA20861,0,0,0,0,0,0,11.2049
NA20862,0,0,0,0,0,0,16.4415
NA20863,0,0,0,0,0,0,8.00917
NA20864,0,0,0,0,0,0,6.86062
NA20866,0,0,0,0,0,0,16.318
NA20867,0,0,0,0,0,0,12.3134
NA20868,0,0,0,0,0,0,8.00917
NA20869,0,0,0,0,0,0,0
NA20870,0,0,0,1.78141,0,0,31.1305
NA20872,0,0,0,0,0,0,12.9026
NA20874,0,0,0,1.78141,0,0,17.3689
NA20875,0,0,0,0,0,0,13.4717
NA20876,0,0,0,0,0,0,10.8652
NA20877,0,0,0,0,0,0,12.603
NA20878,0,0,0,0,0,0,10.8652
NA20881,0,0,0,0,0,0,23.5516
NA20882,0,0,0,0,0,0,6.61107
NA20884,0,0,0,0,0,0,8.00917
NA20885,0,0,0,0,0,0,8.00917
NA20886,0,0,0,0,0,0,10.6157
NA20887,0,0,0,0,0,0,10.6157
NA20888,0,0,0,0,0,0,6.61107
NA20889,0,0,0,0,0,0,13.4619
NA20890,0,0,0,1.78141,0,0,12.7751
NA20891,0,0,0,0,0,0,6.86062
NA20892,0,0,0,0,0,0,9.71666
NA20894,0,0,0,0,0,0,13.4619
NA20895,0,0,0,0,0,0,25.2895
NA20896,0,0,0,0,0,0,10.6157
NA20897,0,0,0,0,0,0,12.603
NA20899,0,0,0,1.78141,0,0,17.0793
NA20900,0,0,0,0,0,0,8.00917
NA20901,0,0,0,0,0,0,13.4619
NA20902,0,0,0,1.78141,0,0,12.7751
NA20903,0,0,0,1.78141,0,0,15.6311
NA20904,0,0,0,1.78141,0,0,23.6903
NA20905,0,0,0,0,0,0,15.459
NA20906,0,0,0,0,0,0,37.7166
NA20908,0,0,0,0,0,0,16.318
NA20910,0,0,0,0,0,0,12.3134
NA20911,0,0,0,0,0,0,8.59843
NA21086,0,0,0,0,0,0,6.86062
NA21087,0,0,0,0,0,0,13.4619
NA21088,0,0,0,0,0,0,8.00917
NA21089,0,0,0,0,0,0,9.45733
NA21090,0,0,0,0,0,0,12.6531
NA21091,0,0,0,0,0,0,4.00458
NA21092,0,0,0,0,0,0,16.691
NA21093,0,0,0,0,0,0,15.459
NA21094,0,0,0,0,0,0,12.603
NA21095,0,0,0,1.78141,0,0,18.2278
NA21097,0,0,0,1.78141,0,0,15.3816
NA21098,0,0,0,0,0,0,30.7422
NA21099,0,0,0,0,0,0,9.46711
NA21100,0,0,0,0,0,0,10.8652
NA21101,0,0,0,0,0,0,15.7988
NA21102,0,0,0,0,0,0,8.00917
NA21103,0,0,0,0,0,0,6.61107
NA21104,0,0,0,0,0,0,10.8652
NA21105,0,0,0,0,0,0,13.1923
NA21106,0,0,0,0,0,0,10.6157
NA21107,0,0,0,0,0,0,12.603
NA21108,0,0,0,0,0,0,13.4717
NA21109,0,0,0,1.78141,0,0,15.6311
NA21110,0,0,0,0,0,0,6.86062
NA21111,0,0,0,0,0,0,4.00458
NA21112,0,0,0,0,0,0,8.00917
NA21113,0,0,0,0,0,0,25.2895
NA21114,0,0,0,0,0,0,11.4545
NA21115,0,0,0,0,0,0,6.86062
NA21116,0,0,0,1.78141,0,0,23.6903
NA21117,0,0,0,0,0,0,9.45733
NA21118,0,0,0,0,0,0,13.4619
NA21119,0,0,0,0,0,0,8.00917
NA21120,0,0,0,0,0,0,10.8652
NA21122,0,0,0,0,0,0,13.4619
NA21123,0,0,0,0,0,0,4.00458
NA21124,0,0,0,0,0,0,8.59843
NA21125,0,0,0,0,0,0,2.85604
NA21126,0,0,0,0,0,0,8.59843
NA21127,0,0,0,0,0,0,15.459
NA21128,0,0,0,0,0,0,15.459
NA21129,0,0,0,0,0,0,8.00917
NA21130,0,0,0,0,0,0,15.459
NA21133,0,0,0,0,0,0,4.00458
NA21135,0,0,0,1.78141,0,0,8.77048
NA21137,0,0,0,0,0,0,18.0558
NA21141,0,0,0,0,0,0,8.00917
NA21142,0,0,0,0,0,0,27.0273
NA21143,0,0,0,1.78141,0,0,15.6311
NA21144,0,0,0,0,0,0,22.3697
